Thu, Oct 03, 2019
1:17:56 PM

Temperature (K)	B-Field (Gauss)	sample current AB	sample current AD	sample current AC	sample current BD	sample current -AB	sample current -AD	sample current -AC	sample current -BD	Voltage CD	Voltage BC	Voltage BD	Voltage AC	Voltage -CD	Voltage -BC	Voltage -BD	Voltage -AC	
96.0150000	4176.0000000	0.0006750	0.0006750	0.0006750	0.0006750	-0.0006750	-0.0006750	-0.0006750	-0.0006750	0.1576407	0.2052442	0.6275085	0.5662925	-0.1598237	-0.2079707	-0.6290398	-0.5658731
97.3250000	122.3700027	0.0006750	0.0006750	0.0006750	0.0006750	-0.0006750	-0.0006750	-0.0006750	-0.0006750	0.1103424	0.1297354	0.0242423	-0.0135227	-0.1121263	-0.1318144	-0.0249128	0.0141755
98.6350000	-3984.0000000	0.0006750	0.0006750	0.0006750	0.0006750	-0.0006750	-0.0006750	-0.0006750	-0.0006731	0.1698277	0.1860711	-0.5627386	-0.6273718	-0.1719830	-0.1888116	0.5622853	0.6267149
100.2850000	4177.0000000	0.0006750	0.0006750	0.0006750	0.0006594	-0.0006750	-0.0006750	-0.0006750	-0.0006560	0.1704352	0.2206714	0.6327120	0.5528462	-0.1725519	-0.2234074	-0.6341643	-0.5495626
101.6150000	122.2600021	0.0006750	0.0006750	0.0006750	0.0006750	-0.0006750	-0.0006750	-0.0006750	-0.0006750	0.1205384	0.1419025	0.0262264	-0.0154628	-0.1223179	-0.1439949	-0.0269425	0.0161261
102.8500000	-3982.0000000	0.0006750	0.0006750	0.0006750	0.0006364	-0.0006750	-0.0006750	-0.0006750	-0.0006334	0.1827620	0.2013474	-0.5627678	-0.5956622	-0.1849863	-0.2041910	0.5622719	0.5944763
104.5150000	4174.0000000	0.0006750	0.0006750	0.0006750	0.0006208	-0.0006750	-0.0006750	-0.0006750	-0.0006174	0.1835135	0.2364853	0.6377209	0.5204238	-0.1857057	-0.2393519	-0.6392549	-0.5171189
105.8800000	122.2200012	0.0006750	0.0006750	0.0006750	0.0006750	-0.0006750	-0.0006750	-0.0006750	-0.0006750	0.1311379	0.1545427	0.0282525	-0.0174598	-0.1330343	-0.1568006	-0.0290215	0.0181435
107.1250000	-3981.0000000	0.0006607	0.0006750	0.0006568	0.0005985	-0.0006568	-0.0006750	-0.0006532	-0.0005956	0.1921474	0.2176769	-0.5469910	-0.5647075	-0.1933245	-0.2206063	0.5435132	0.5636498
108.7800000	4172.0000000	0.0006445	0.0006652	0.0006408	0.0005839	-0.0006406	-0.0006615	-0.0006370	-0.0005807	0.1883155	0.2494518	0.6096708	0.4892076	-0.1894885	-0.2510184	-0.6075163	-0.4860927
110.1550000	122.1600037	0.0006750	0.0006750	0.0006750	0.0006750	-0.0006750	-0.0006750	-0.0006750	-0.0006750	0.1425872	0.1681920	0.0304539	-0.0195884	-0.1445896	-0.1705930	-0.0312675	0.0203028
111.3850000	-3979.0000000	0.0006224	0.0006423	0.0006186	0.0005629	-0.0006187	-0.0006385	-0.0006153	-0.0005603	0.1943720	0.2232116	-0.5149313	-0.5355014	-0.1955352	-0.2248003	0.5116394	0.5345867
113.0050000	4171.0000000	0.0006076	0.0006271	0.0006041	0.0005497	-0.0006041	-0.0006237	-0.0006006	-0.0005469	0.1906458	0.2514696	0.5794960	0.4603104	-0.1917973	-0.2530245	-0.5776249	-0.4575598
114.2800000	121.9700012	0.0006750	0.0006750	0.0006750	0.0006750	-0.0006750	-0.0006750	-0.0006750	-0.0006750	0.1543890	0.1822465	0.0327027	-0.0218214	-0.1564838	-0.1847916	-0.0335537	0.0225669
115.6200000	-3978.0000000	0.0005873	0.0006061	0.0005837	0.0005304	-0.0005839	-0.0006025	-0.0005805	-0.0005280	0.1963396	0.2264145	-0.4855376	-0.5087947	-0.1975025	-0.2279697	0.4823705	0.5079514
117.1700000	4169.0000000	0.0005738	0.0005922	0.0005704	0.0005184	-0.0005705	-0.0005891	-0.0005672	-0.0005158	0.1927624	0.2531985	0.5516092	0.4338538	-0.1938825	-0.2547530	-0.5498616	-0.4312109
118.4500000	122.0199966	0.0006750	0.0006750	0.0006750	0.0006750	-0.0006750	-0.0006750	-0.0006750	-0.0006750	0.1670253	0.1972794	0.0351332	-0.0241593	-0.1691499	-0.1998773	-0.0360037	0.0249396
119.7000000	-3977.0000000	0.0005551	0.0005728	0.0005516	0.0005007	-0.0005519	-0.0005695	-0.0005487	-0.0004985	0.1980419	0.2292500	-0.4584547	-0.4842683	-0.1992127	-0.2307751	0.4554464	0.4834910
121.3750000	4169.0000000	0.0005418	0.0005591	0.0005385	0.0004888	-0.0005386	-0.0005561	-0.0005354	-0.0004864	0.1946388	0.2547444	0.5250937	0.4086372	-0.1957549	-0.2563051	-0.5234416	-0.4061357
122.6450000	122.1100006	0.0006750	0.0006750	0.0006750	0.0006750	-0.0006750	-0.0006750	-0.0006750	-0.0006750	0.1805238	0.2133905	0.0377689	-0.0267109	-0.1827271	-0.2160798	-0.0386430	0.0275362
123.9000000	-3976.0000000	0.0005242	0.0005409	0.0005210	0.0004724	-0.0005212	-0.0005378	-0.0005181	-0.0004703	0.1995944	0.2319015	-0.4324389	-0.4607783	-0.2007808	-0.2333926	0.4295675	0.4601112
125.5350000	4168.0000000	0.0005122	0.0005285	0.0005090	0.0004616	-0.0005092	-0.0005257	-0.0005060	-0.0004593	0.1963035	0.2560745	0.5005735	0.3854137	-0.1974080	-0.2576467	-0.4990192	-0.3830085
126.8150000	122.2799988	0.0006750	0.0006750	0.0006750	0.0006462	-0.0006750	-0.0006750	-0.0006750	-0.0006425	0.1945928	0.2301665	0.0405623	-0.0280516	-0.1968469	-0.2329705	-0.0414431	0.0287270
128.0650000	-3975.0000000	0.0004957	0.0005114	0.0004926	0.0004463	-0.0004930	-0.0005086	-0.0004899	-0.0004443	0.2009629	0.2342796	-0.4083384	-0.4391006	-0.2021612	-0.2357452	0.4056695	0.4385300
129.6350000	4167.0000000	0.0004847	0.0005001	0.0004818	0.0004365	-0.0004820	-0.0004976	-0.0004790	-0.0004344	0.1977794	0.2572333	0.4778707	0.3639697	-0.1988725	-0.2588139	-0.4764763	-0.3616838
130.9400000	122.0999985	0.0006718	0.0006750	0.0006680	0.0006018	-0.0006676	-0.0006750	-0.0006635	-0.0005983	0.2079002	0.2476324	0.0429316	-0.0286025	-0.2089529	-0.2505841	-0.0435299	0.0292713
132.3100000	-3975.0000000	0.0004687	0.0004835	0.0004658	0.0004216	-0.0004662	-0.0004810	-0.0004632	-0.0004197	0.2021989	0.2364820	-0.3855072	-0.4185865	-0.2033999	-0.2379303	0.3829058	0.4179718
133.9600000	4167.0000000	0.0004580	0.0004725	0.0004551	0.0004120	-0.0004554	-0.0004701	-0.0004525	-0.0004101	0.1991649	0.2582999	0.4556555	0.3429883	-0.2002460	-0.2598933	-0.4543650	-0.3408001
135.2250000	122.2200012	0.0006247	0.0006446	0.0006212	0.0005595	-0.0006208	-0.0006408	-0.0006172	-0.0005564	0.2081583	0.2545309	0.0428356	-0.0291321	-0.2092107	-0.2559653	-0.0434283	0.0297994
136.5050000	-3973.0000000	0.0004435	0.0004576	0.0004408	0.0003988	-0.0004412	-0.0004552	-0.0004385	-0.0003970	0.2032914	0.2384821	-0.3642826	-0.3995792	-0.2044773	-0.2399077	0.3618325	0.3991224
138.0650000	4165.0000000	0.0004341	0.0004478	0.0004314	0.0003903	-0.0004317	-0.0004456	-0.0004290	-0.0003884	0.2003365	0.2592054	0.4358532	0.3243292	-0.2014162	-0.2608019	-0.4346964	-0.3222553
139.3200000	122.0899963	0.0005843	0.0006029	0.0005809	0.0005230	-0.0005804	-0.0005990	-0.0005769	-0.0005199	0.2083946	0.2550026	0.0427447	-0.0296412	-0.2094498	-0.2564403	-0.0433446	0.0302949
140.6150000	-3972.0000000	0.0004206	0.0004339	0.0004180	0.0003779	-0.0004184	-0.0004316	-0.0004158	-0.0003762	0.2042453	0.2402585	-0.3448730	-0.3822433	-0.2054295	-0.2416928	0.3425310	0.3818549
142.2350000	4165.0000000	0.0004115	0.0004245	0.0004089	0.0003697	-0.0004093	-0.0004224	-0.0004067	-0.0003680	0.2014165	0.2600265	0.4171731	0.3067363	-0.2024852	-0.2616114	-0.4161417	-0.3047974
143.5350000	122.0000000	0.0005457	0.0005632	0.0005429	0.0004887	-0.0005425	-0.0005600	-0.0005394	-0.0004860	0.2086282	0.2554602	0.0427015	-0.0301238	-0.2096912	-0.2569045	-0.0432842	0.0307717
144.8200000	-3972.0000000	0.0003988	0.0004114	0.0003964	0.0003581	-0.0003968	-0.0004093	-0.0003943	-0.0003565	0.2051176	0.2419158	-0.3264979	-0.3658891	-0.2062859	-0.2433373	0.3243049	0.3655907
146.3700000	4165.0000000	0.0003906	0.0004029	0.0003882	0.0003507	-0.0003885	-0.0004010	-0.0003860	-0.0003491	0.2023742	0.2607602	0.3999362	0.2905026	-0.2034394	-0.2623378	-0.3989648	-0.2886302
147.6650000	122.0000000	0.0005112	0.0005276	0.0005086	0.0004577	-0.0005084	-0.0005248	-0.0005055	-0.0004553	0.2088533	0.2559118	0.0426673	-0.0305914	-0.2099232	-0.2573681	-0.0432523	0.0312186
149.0250000	-3971.0000000	0.0003782	0.0003901	0.0003759	0.0003394	-0.0003764	-0.0003882	-0.0003740	-0.0003379	0.2059036	0.2434553	-0.3091558	-0.3504932	-0.2070773	-0.2448848	0.3070516	0.3502128
150.7150000	4164.0000000	0.0003701	0.0003817	0.0003678	0.0003321	-0.0003681	-0.0003799	-0.0003657	-0.0003305	0.2032889	0.2614501	0.3830366	0.2746041	-0.2043599	-0.2630187	-0.3821344	-0.2727839
152.1200000	122.0899963	0.0004770	0.0004922	0.0004746	0.0004270	-0.0004744	-0.0004896	-0.0004717	-0.0004249	0.2091046	0.2563839	0.0426455	-0.0310306	-0.2101812	-0.2578386	-0.0432329	0.0316465
153.4000000	-3971.0000000	0.0003584	0.0003696	0.0003562	0.0003215	-0.0003567	-0.0003679	-0.0003544	-0.0003201	0.2066554	0.2448972	-0.2925490	-0.3357217	-0.2078172	-0.2463142	0.2905677	0.3355244
154.9550000	4163.0000000	0.0003513	0.0003623	0.0003492	0.0003151	-0.0003496	-0.0003607	-0.0003473	-0.0003138	0.2041139	0.2620420	0.3676898	0.2602394	-0.2051817	-0.2635868	-0.3669330	-0.2586268
156.2050000	122.1699982	0.0004491	0.0004634	0.0004468	0.0004018	-0.0004465	-0.0004607	-0.0004438	-0.0003996	0.2093593	0.2568112	0.0426134	-0.0314079	-0.2104185	-0.2582351	-0.0431807	0.0319915
157.5500000	-3970.0000000	0.0003412	0.0003519	0.0003392	0.0003059	-0.0003397	-0.0003503	-0.0003375	-0.0003047	0.2073143	0.2461369	-0.2782361	-0.3230120	-0.2084531	-0.2475232	0.2763481	0.3228038
159.1500000	4164.0000000	0.0003344	0.0003449	0.0003325	0.0002999	-0.0003329	-0.0003435	-0.0003308	-0.0002987	0.2048735	0.2625843	0.3539161	0.2473694	-0.2058989	-0.2640733	-0.3532695	-0.2459115
160.4650000	121.9899979	0.0004226	0.0004360	0.0004205	0.0003782	-0.0004205	-0.0004339	-0.0004181	-0.0003764	0.2096345	0.2572455	0.0425672	-0.0317854	-0.2106477	-0.2586197	-0.0431219	0.0323090
161.8600000	-3970.0000000	0.0003246	0.0003347	0.0003227	0.0002909	-0.0003232	-0.0003333	-0.0003211	-0.0002898	0.2079702	0.2473573	-0.2644087	-0.3107640	-0.2090358	-0.2486612	0.2626906	0.3106498
163.4650000	4163.0000000	0.0003184	0.0003283	0.0003164	0.0002853	-0.0003169	-0.0003270	-0.0003149	-0.0002842	0.2056159	0.2631214	0.3407632	0.2350671	-0.2065695	-0.2645136	-0.3402068	-0.2337943
164.7550000	121.9000015	0.0003980	0.0004106	0.0003961	0.0003562	-0.0003961	-0.0004087	-0.0003938	-0.0003546	0.2099297	0.2577131	0.0425319	-0.0321651	-0.2108942	-0.2590067	-0.0430801	0.0326091
166.0450000	-3969.0000000	0.0003097	0.0003194	0.0003079	0.0002775	-0.0003084	-0.0003180	-0.0003064	-0.0002764	0.2085515	0.2484542	-0.2520689	-0.2998590	-0.2095580	-0.2496790	0.2503693	0.2996000
167.7450000	4162.0000000	0.0003036	0.0003130	0.0003017	0.0002719	-0.0003021	-0.0003117	-0.0003001	-0.0002708	0.2062954	0.2636178	0.3286716	0.2237462	-0.2071891	-0.2649294	-0.3281239	-0.2225502
169.1950000	122.0000000	0.0003747	0.0003866	0.0003729	0.0003352	-0.0003730	-0.0003849	-0.0003708	-0.0003338	0.2102435	0.2581947	0.0425277	-0.0325219	-0.2111403	-0.2594225	-0.0429114	0.0328819
170.4750000	-3968.0000000	0.0002948	0.0003040	0.0002922	0.0002640	-0.0002936	-0.0003027	-0.0002908	-0.0002630	0.2091228	0.2495333	-0.2391036	-0.2889480	-0.2100499	-0.2506986	0.2374480	0.2887062
172.0500000	4162.0000000	0.0002894	0.0002984	0.0002875	0.0002592	-0.0002881	-0.0002972	-0.0002861	-0.0002581	0.2069160	0.2640590	0.3170917	0.2130721	-0.2077570	-0.2653202	-0.3166122	-0.2119455
173.4650000	122.1500015	0.0003537	0.0003648	0.0003518	0.0003164	-0.0003521	-0.0003633	-0.0003499	-0.0003150	0.2105143	0.2586285	0.0424984	-0.0328353	-0.2113684	-0.2598154	-0.0430636	0.0331525
174.7400000	-3967.0000000	0.0002811	0.0002898	0.0002793	0.0002516	-0.0002799	-0.0002886	-0.0002780	-0.0002507	0.2096365	0.2505123	-0.2283986	-0.2789628	-0.2105309	-0.2516562	0.2268173	0.2787780
176.3500000	4161.0000000	0.0002758	0.0002844	0.0002740	0.0002469	-0.0002746	-0.0002833	-0.0002727	-0.0002461	0.2075166	0.2644846	0.3061686	0.2028794	-0.2083285	-0.2657224	-0.3058363	-0.2019463
177.6500000	122.0699997	0.0003346	0.0003452	0.0003329	0.0002992	-0.0003331	-0.0003437	-0.0003311	-0.0002980	0.2107894	0.2590536	0.0424882	-0.0331309	-0.2116390	-0.2602293	-0.0430693	0.0334229
178.9450000	-3968.0000000	0.0002685	0.0002768	0.0002668	0.0002403	-0.0002674	-0.0002757	-0.0002656	-0.0002394	0.2101091	0.2514112	-0.2181402	-0.2698120	-0.2109972	-0.2525432	0.2165957	0.2696701
180.4800000	4161.0000000	0.0002637	0.0002719	0.0002621	0.0002360	-0.0002626	-0.0002709	-0.0002608	-0.0002352	0.2080528	0.2648658	0.2964899	0.1938160	-0.2088550	-0.2660877	-0.2962066	-0.1929299
181.8100000	122.0100021	0.0003171	0.0003271	0.0003155	0.0002835	-0.0003157	-0.0003257	-0.0003138	-0.0002823	0.2110588	0.2594587	0.0424613	-0.0334044	-0.2118964	-0.2606271	-0.0430583	0.0336775
183.2200000	-3967.0000000	0.0002563	0.0002643	0.0002548	0.0002294	-0.0002554	-0.0002633	-0.0002536	-0.0002286	0.2105610	0.2522601	-0.2082935	-0.2610645	-0.2114334	-0.2533864	0.2067855	0.2609659
184.7500000	4160.0000000	0.0002519	0.0002597	0.0002503	0.0002253	-0.0002508	-0.0002587	-0.0002491	-0.0002246	0.2085844	0.2652312	0.2869463	0.1849694	-0.2093708	-0.2664411	-0.2867772	-0.1841849
186.0800000	121.9199982	0.0003003	0.0003098	0.0002989	0.0002685	-0.0002991	-0.0003086	-0.0002972	-0.0002674	0.2113402	0.2598678	0.0424295	-0.0336582	-0.2121599	-0.2610214	-0.0430458	0.0339359
187.4350000	-3967.0000000	0.0002452	0.0002528	0.0002438	0.0002193	-0.0002442	-0.0002518	-0.0002426	-0.0002186	0.2109876	0.2530562	-0.1992323	-0.2529977	-0.2118376	-0.2541641	0.1977330	0.2529406
189.0300000	4160.0000000	0.0002410	0.0002484	0.0002395	0.0002155	-0.0002400	-0.0002475	-0.0002383	-0.0002148	0.2090838	0.2655616	0.2782013	0.1768893	-0.2098505	-0.2667588	-0.2780549	-0.1761030
190.3200000	122.0199966	0.0002849	0.0002938	0.0002835	0.0002547	-0.0002837	-0.0002927	-0.0002820	-0.0002537	0.2116297	0.2602641	0.0423952	-0.0338868	-0.2124309	-0.2614164	-0.0430486	0.0341628
191.6150000	-3966.0000000	0.0002348	0.0002421	0.0002335	0.0002100	-0.0002340	-0.0002412	-0.0002323	-0.0002093	0.2113970	0.2537888	-0.1908737	-0.2455249	-0.2122246	-0.2548976	0.1893260	0.2454426
193.3050000	4160.0000000	0.0002305	0.0002376	0.0002292	0.0002062	-0.0002296	-0.0002369	-0.0002281	-0.0002055	0.2095913	0.2658841	0.2697654	0.1691539	-0.2103360	-0.2670781	-0.2697397	-0.1684485
194.5850000	121.9100037	0.0002705	0.0002790	0.0002692	0.0002418	-0.0002694	-0.0002779	-0.0002678	-0.0002409	0.2119343	0.2606534	0.0423180	-0.0341037	-0.2127173	-0.2618088	-0.0430245	0.0343698
195.8700000	-3966.0000000	0.0002248	0.0002318	0.0002236	0.0002010	-0.0002240	-0.0002310	-0.0002225	-0.0002004	0.2118159	0.2545028	-0.1828171	-0.2382763	-0.2126256	-0.2556175	0.1812512	0.2382962
197.5650000	4159.0000000	0.0002210	0.0002278	0.0002197	0.0001976	-0.0002201	-0.0002270	-0.0002185	-0.0001968	0.2100875	0.2661689	0.2619835	0.1620713	-0.2108103	-0.2673664	-0.2619038	-0.1612818
199.0400000	122.0299988	0.0002567	0.0002648	0.0002556	0.0002294	-0.0002557	-0.0002638	-0.0002541	-0.0002285	0.2122747	0.2610422	0.0422012	-0.0342792	-0.2130265	-0.2622003	-0.0429790	0.0345328
200.5500000	-3965.0000000	0.0002148	0.0002214	0.0002136	0.0001920	-0.0002140	-0.0002206	-0.0002124	-0.0001913	0.2122692	0.2552199	-0.1747629	-0.2309614	-0.2130388	-0.2563376	0.1730443	0.2308683
202.3000000	4159.0000000	0.0002110	0.0002175	0.0002098	0.0001886	-0.0002101	-0.0002167	-0.0002086	-0.0001879	0.2106741	0.2664703	0.2537070	0.1546363	-0.2113534	-0.2676841	-0.2537116	-0.1539169
203.8000000	122.0899963	0.0002432	0.0002508	0.0002421	0.0002173	-0.0002422	-0.0002499	-0.0002406	-0.0002164	0.2126663	0.2614406	0.0420162	-0.0344288	-0.2133880	-0.2626117	-0.0428732	0.0346716
205.3000000	-3965.0000000	0.0002051	0.0002115	0.0002041	0.0001833	-0.0002044	-0.0002107	-0.0002029	-0.0001827	0.2127542	0.2559064	-0.1670364	-0.2237949	-0.2134935	-0.2570403	0.1652380	0.2237706
207.0500000	4159.0000000	0.0002015	0.0002077	0.0002004	0.0001801	-0.0002007	-0.0002071	-0.0001993	-0.0001795	0.2113016	0.2667362	0.2457095	0.1476820	-0.2119436	-0.2679880	-0.2458752	-0.1470693
208.5500000	121.8899994	0.0002306	0.0002378	0.0002297	0.0002061	-0.0002297	-0.0002371	-0.0002282	-0.0002053	0.2131062	0.2618074	0.0416942	-0.0345102	-0.2137957	-0.2630084	-0.0426633	0.0347446
210.0000000	-3965.0000000	0.0001961	0.0002022	0.0001952	0.0001753	-0.0001954	-0.0002015	-0.0001940	-0.0001747	0.2132796	0.2565477	-0.1599007	-0.2169699	-0.2139796	-0.2576996	0.1579785	0.2169977
211.8000000	4158.0000000	0.0001928	0.0001988	0.0001918	0.0001723	-0.0001921	-0.0001982	-0.0001906	-0.0001718	0.2120064	0.2669553	0.2380138	0.1412478	-0.2126037	-0.2682825	-0.2382997	-0.1407340
213.2500000	121.7900009	0.0002190	0.0002260	0.0002183	0.0001958	-0.0002183	-0.0002253	-0.0002168	-0.0001951	0.2136406	0.2621541	0.0412099	-0.0344778	-0.2142604	-0.2633870	-0.0423211	0.0346882
214.7000000	-3964.0000000	0.0001877	0.0001936	0.0001869	0.0001678	-0.0001872	-0.0001931	-0.0001857	-0.0001674	0.2138666	0.2571350	-0.1533693	-0.2104068	-0.2144970	-0.2583139	0.1513087	0.2105188
216.5500000	4158.0000000	0.0001847	0.0001905	0.0001838	0.0001651	-0.0001840	-0.0001901	-0.0001826	-0.0001646	0.2128453	0.2671313	0.2304293	0.1352684	-0.2133579	-0.2685471	-0.2308581	-0.1349363
218.0000000	121.9700012	0.0002086	0.0002152	0.0002079	0.0001864	-0.0002079	-0.0002147	-0.0002064	-0.0001858	0.2142824	0.2624610	0.0405047	-0.0343212	-0.2148329	-0.2637512	-0.0418033	0.0344015
219.5000000	-3964.0000000	0.0001800	0.0001858	0.0001793	0.0001609	-0.0001795	-0.0001853	-0.0001781	-0.0001606	0.2145402	0.2576673	-0.1473733	-0.2039512	-0.2151177	-0.2588811	0.1451002	0.2040413
221.2500000	4158.0000000	0.0001772	0.0001828	0.0001764	0.0001583	-0.0001765	-0.0001825	-0.0001751	-0.0001581	0.2138340	0.2672139	0.2226131	0.1296049	-0.2142786	-0.2688090	-0.2232697	-0.1295743
222.7500000	122.0299988	0.0001988	0.0002053	0.0001982	0.0001777	-0.0001982	-0.0002049	-0.0001967	-0.0001773	0.2150304	0.2626651	0.0394486	-0.0339157	-0.2155422	-0.2640676	-0.0409709	0.0339315
224.2000000	-3964.0000000	0.0001728	0.0001785	0.0001723	0.0001545	-0.0001724	-0.0001782	-0.0001709	-0.0001543	0.2152734	0.2580823	-0.1417951	-0.1972653	-0.2158648	-0.2593895	0.1391990	0.1973832
225.9500000	4157.0000000	0.0001702	0.0001758	0.0001696	0.0001522	-0.0001696	-0.0001757	-0.0001682	-0.0001520	0.2149760	0.2671463	0.2144582	0.1243371	-0.2153775	-0.2690343	-0.2152248	-0.1245274
227.4000000	121.9300003	0.0001902	0.0001965	0.0001897	0.0001699	-0.0001894	-0.0001960	-0.0001879	-0.0001696	0.2158830	0.2627665	0.0379938	-0.0332696	-0.2164170	-0.2643348	-0.0397803	0.0331437
228.9000000	-3964.0000000	0.0001662	0.0001719	0.0001659	0.0001488	-0.0001659	-0.0001718	-0.0001645	-0.0001487	0.2160897	0.2584297	-0.1364817	-0.1901993	-0.2167462	-0.2598162	0.1335303	0.1903313
230.7500000	4158.0000000	0.0001639	0.0001695	0.0001636	0.0001468	-0.0001635	-0.0001697	-0.0001621	-0.0001468	0.2162669	0.2668987	0.2055650	0.1191494	-0.2166419	-0.2692022	-0.2065427	-0.1197338
232.2500000	121.9899979	0.0001821	0.0001885	0.0001820	0.0001630	-0.0001817	-0.0001885	-0.0001802	-0.0001630	0.2168436	0.2627218	0.0360886	-0.0323261	-0.2174118	-0.2644836	-0.0382649	0.0319445
233.7000000	-3964.0000000	0.0001605	0.0001663	0.0001605	0.0001438	-0.0001603	-0.0001664	-0.0001589	-0.0001440	0.2169320	0.2587159	-0.1309995	-0.1824149	-0.2177649	-0.2600850	0.1274985	0.1821902
235.5000000	4157.0000000	0.0001586	0.0001643	0.0001586	0.0001422	-0.0001583	-0.0001649	-0.0001569	-0.0001425	0.2176287	0.2664059	0.1954862	0.1135667	-0.2179898	-0.2692015	-0.1966723	-0.1145953
237.0500000	121.9499969	0.0001755	0.0001820	0.0001758	0.0001574	-0.0001753	-0.0001823	-0.0001737	-0.0001576	0.2177745	0.2625332	0.0339112	-0.0311669	-0.2184862	-0.2643485	-0.0364541	0.0303170
238.6000000	-3963.0000000	0.0001558	0.0001618	0.0001563	0.0001400	-0.0001560	-0.0001622	-0.0001544	-0.0001403	0.2177074	0.2590117	-0.1241770	-0.1730635	-0.2188627	-0.2600047	0.1199843	0.1720692
240.4500000	4158.0000000	0.0001546	0.0001604	0.0001550	0.0001389	-0.0001544	-0.0001614	-0.0001530	-0.0001394	0.2188790	0.2654482	0.1830794	0.1063037	-0.2192907	-0.2687381	-0.1841039	-0.1076332
242.0000000	121.8899994	0.0001708	0.0001774	0.0001718	0.0001537	-0.0001710	-0.0001781	-0.0001693	-0.0001540	0.2184423	0.2620884	0.0317388	-0.0299383	-0.2194198	-0.2636531	-0.0345373	0.0284544
243.5000000	-3963.0000000	0.0001531	0.0001595	0.0001544	0.0001381	-0.0001538	-0.0001600	-0.0001520	-0.0001385	0.2181245	0.2593300	-0.1144164	-0.1614239	-0.2198262	-0.2592624	0.1094177	0.1588852
245.4000000	4157.0000000	0.0001532	0.0001588	0.0001544	0.0001381	-0.0001533	-0.0001607	-0.0001517	-0.0001387	0.2194719	0.2637028	0.1677972	0.0958874	-0.2199863	-0.2673664	-0.1682084	-0.0964028
246.9000000	121.9700012	0.0001695	0.0001762	0.0001717	0.0001532	-0.0001703	-0.0001774	-0.0001683	-0.0001536	0.2183170	0.2611246	0.0301257	-0.0290716	-0.2197478	-0.2617997	-0.0328114	0.0271102
248.4500000	-3963.0000000	0.0001538	0.0001607	0.0001565	0.0001396	-0.0001555	-0.0001611	-0.0001532	-0.0001399	0.2176634	0.2595032	-0.0993165	-0.1464082	-0.2200710	-0.2572689	0.0934225	0.1405636
250.2500000	4158.0000000	0.0001560	0.0001612	0.0001584	0.0001412	-0.0001564	-0.0001640	-0.0001548	-0.0001418	0.2186536	0.2606181	0.1486389	0.0806588	-0.2194861	-0.2643635	-0.1473663	-0.0788410
251.7500000	121.8600006	0.0001736	0.0001801	0.0001777	0.0001578	-0.0001753	-0.0001839	-0.0001729	-0.0001590	0.2165923	0.2590484	0.0293764	-0.0292410	-0.2187344	-0.2581185	-0.0306826	0.0214577
253.2000000	-3963.0000000	0.0001598	0.0001672	0.0001649	0.0001461	-0.0001630	-0.0001672	-0.0001600	-0.0001463	0.2154841	0.2587233	-0.0774732	-0.1277437	-0.2186933	-0.2532272	0.0715743	0.1179374
255.0500000	4158.0000000	0.0001652	0.0001694	0.0001697	0.0001501	-0.0001660	-0.0001738	-0.0001643	-0.0001510	0.2152259	0.2552488	0.1241885	0.0591281	-0.2169245	-0.2586786	-0.1205443	-0.0572699
256.5500000	121.8300018	0.0001853	0.0001912	0.0001927	0.0001695	-0.0001883	-0.0001974	-0.0001855	-0.0001716	0.2121226	0.2546537	0.0293447	-0.0305835	-0.2152315	-0.2511979	-0.0286334	0.0257741
258.0500000	-3963.0000000	0.0001735	0.0001811	0.0001827	0.0001600	-0.0001789	-0.0001812	-0.0001750	-0.0001614	0.2104242	0.2551559	-0.0491210	-0.1053913	-0.2142479	-0.2461659	0.0440777	0.0841647
259.8000000	4158.0000000	0.0001831	0.0001858	0.0001918	0.0001672	-0.0001848	-0.0001934	-0.0001830	-0.0001699	0.2077850	0.2464923	0.0951923	0.0321401	-0.2110439	-0.2489356	-0.0888357	-0.0345379
261.3000000	121.8499985	0.0002064	0.0002119	0.0002195	0.0001902	-0.0002118	-0.0002183	-0.0002083	-0.0001920	0.2039543	0.2463669	0.0294132	-0.0324882	-0.2081294	-0.2412392	-0.0278626	0.0251216
262.8500000	-3963.0000000	0.0001973	0.0002046	0.0002127	0.0001833	-0.0002055	-0.0002093	-0.0002005	-0.0001866	0.2014552	0.2463964	-0.0185004	-0.0812706	-0.2057298	-0.2339274	0.0156153	0.0514764
264.6000000	4157.0000000	0.0002118	0.0002121	0.0002268	0.0001939	-0.0002147	-0.0002241	-0.0002127	-0.0001973	0.1958085	0.2336964	0.0657423	0.0054876	-0.2016249	-0.2350827	-0.0580088	-0.0020549
266.1500000	121.8899994	0.0002403	0.0002430	0.0002615	0.0002219	-0.0002477	-0.0002535	-0.0002434	-0.0002256	0.1912809	0.2326189	0.0290411	-0.0338125	-0.1970695	-0.2267306	-0.0250847	0.0232360
267.6000000	-3963.0000000	0.0002324	0.0002384	0.0002569	0.0002169	-0.0002439	-0.0002446	-0.0002380	-0.0002204	0.1887292	0.2314080	0.0087948	-0.0585587	-0.1927593	-0.2207925	-0.0083920	0.0351205
269.4000000	4157.0000000	0.0002516	0.0002491	0.0002767	0.0002308	-0.0002567	-0.0002680	-0.0002547	-0.0002373	0.1804109	0.2170168	0.0400045	-0.0169138	-0.1889378	-0.2167665	-0.0312674	0.0173684
270.9000000	122.0000000	0.0002854	0.0002853	0.0003183	0.0002639	-0.0002955	-0.0003027	-0.0002906	-0.0002710	0.1760609	0.2146160	0.0281556	-0.0334825	-0.1830227	-0.2088946	-0.0217687	0.0211398
272.4000000	-3962.0000000	0.0002794	0.0002831	0.0003163	0.0002611	-0.0002942	-0.0002956	-0.0002873	-0.0002678	0.1737931	0.2118546	0.0291831	-0.0394371	-0.1773556	-0.2036658	-0.0244869	0.0155974
274.3000000	4158.0000000	0.0003044	0.0002985	0.0003439	0.0002799	-0.0003123	-0.0003258	-0.0003101	-0.0002902	0.1634429	0.1977262	0.0200325	-0.0320879	-0.1741948	-0.1960841	-0.0113260	0.0301098
275.8000000	122.0000000	0.0003442	0.0003404	0.0003930	0.0003185	-0.0003573	-0.0003660	-0.0003521	-0.0003302	0.1600042	0.1942438	0.0269672	-0.0317305	-0.1674575	-0.1895482	-0.0188426	0.0195212
277.3000000	-3962.0000000	0.0003404	0.0003409	0.0003935	0.0003179	-0.0003581	-0.0003606	-0.0003507	-0.0003296	0.1585817	0.1906991	0.0426329	-0.0242390	-0.1612079	-0.1855780	-0.0342368	0.0026363
279.0500000	4157.0000000	0.0003684	0.0003583	0.0004260	0.0003394	-0.0003793	-0.0003942	-0.0003773	-0.0003547	0.1480782	0.1791603	0.0068663	-0.0402541	-0.1596719	-0.1769167	0.0010920	0.0375035
280.5500000	121.9800034	0.0004144	0.0004061	0.0004827	0.0003844	-0.0004308	-0.0004425	-0.0004258	-0.0004038	0.1460507	0.1752990	0.0257663	-0.0287959	-0.1527599	-0.1707305	-0.0164484	0.0166661
282.1000000	-3962.0000000	0.0004153	0.0004102	0.0004869	0.0003866	-0.0004339	-0.0004374	-0.0004261	-0.0004051	0.1453875	0.1714898	0.0501201	-0.0133244	-0.1467484	-0.1692981	-0.0391809	-0.0043516
283.8500000	4158.0000000	0.0004476	0.0004324	0.0005271	0.0004133	-0.0004604	-0.0004789	-0.0004585	-0.0004354	0.1349986	0.1624677	-0.0015446	-0.0435450	-0.1463281	-0.1590867	0.0083972	0.0390486
285.3500000	121.9100037	0.0005046	0.0004898	0.0005950	0.0004665	-0.0005197	-0.0005310	-0.0005143	-0.0004923	0.1336018	0.1583602	0.0244735	-0.0255915	-0.1395795	-0.1565415	-0.0152333	0.0180872
286.8000000	-3962.0000000	0.0005087	0.0004963	0.0006014	0.0004717	-0.0005252	-0.0005296	-0.0005172	-0.0004995	0.1343671	0.1552223	0.0536917	-0.0053791	-0.1341569	-0.1552173	-0.0413773	-0.0080157
288.6500000	4157.0000000	0.0005461	0.0005242	0.0006505	0.0005039	-0.0005577	-0.0005773	-0.0005558	-0.0005344	0.1244009	0.1484536	-0.0067149	-0.0441805	-0.1346581	-0.1454680	0.0120027	0.0420722
290.1000000	121.8700027	0.0006151	0.0005925	0.0006750	0.0005676	-0.0006259	-0.0006381	-0.0006204	-0.0006032	0.1240154	0.1448761	0.0210124	-0.0223753	-0.1283205	-0.1438982	-0.0143908	0.0178759
291.6000000	-3962.0000000	0.0006255	0.0006031	0.0006750	0.0005767	-0.0006345	-0.0006395	-0.0006260	-0.0006175	0.1256382	0.1422146	0.0495300	0.0001314	-0.1235929	-0.1435062	-0.0419992	-0.0098533
293.4000000	4157.0000000	0.0006681	0.0006382	0.0006750	0.0006173	-0.0006750	-0.0006750	-0.0006732	-0.0006559	0.1164985	0.1373927	-0.0093714	-0.0435455	-0.1241337	-0.1313414	0.0134413	0.0445260
294.9000000	121.8199997	0.0006750	0.0006750	0.0006750	0.0006750	-0.0006750	-0.0006750	-0.0006750	-0.0006750	0.1040753	0.1246353	0.0152104	-0.0190473	-0.1056916	-0.1172353	-0.0128973	0.0154434
296.4000000	-3963.0000000	0.0006750	0.0006750	0.0006750	0.0006750	-0.0006750	-0.0006750	-0.0006750	-0.0006750	0.1031801	0.1198102	0.0390908	0.0043857	-0.1004357	-0.1162626	-0.0375290	-0.0094699
298.2000000	4157.0000000	0.0006750	0.0006750	0.0006750	0.0006750	-0.0006750	-0.0006750	-0.0006750	-0.0006750	0.0904575	0.1095053	-0.0097237	-0.0370303	-0.0947569	-0.1019281	0.0109412	0.0366194
299.7000000	121.9599991	0.0006750	0.0006750	0.0006750	0.0006750	-0.0006750	-0.0006750	-0.0006750	-0.0006750	0.0810004	0.0948075	0.0111390	-0.0129689	-0.0817870	-0.0915225	-0.0107035	0.0118726
301.2000000	-3962.0000000	0.0006750	0.0006750	0.0006750	0.0006750	-0.0006750	-0.0006750	-0.0006750	-0.0006750	0.0800865	0.0912372	0.0306985	0.0068130	-0.0780529	-0.0905499	-0.0306568	-0.0086247
303.0000000	4157.0000000	0.0006750	0.0006750	0.0006750	0.0006750	-0.0006750	-0.0006750	-0.0006750	-0.0006750	0.0710583	0.0840088	-0.0086884	-0.0289001	-0.0734282	-0.0798338	0.0087570	0.0284093
304.5000000	121.9700012	0.0006750	0.0006750	0.0006750	0.0006750	-0.0006750	-0.0006750	-0.0006750	-0.0006750	0.0639089	0.0735977	0.0085106	-0.0095133	-0.0641404	-0.0720487	-0.0086457	0.0088264
306.0000000	-3961.0000000	0.0006750	0.0006750	0.0006750	0.0006750	-0.0006750	-0.0006750	-0.0006750	-0.0006750	0.0628485	0.0708958	0.0242869	0.0065947	-0.0613838	-0.0709812	-0.0245479	-0.0074689
307.8500000	4158.0000000	0.0006750	0.0006750	0.0006750	0.0006750	-0.0006750	-0.0006750	-0.0006750	-0.0006750	0.0563257	0.0656004	-0.0072219	-0.0229489	-0.0575176	-0.0630789	0.0069056	0.0220425
309.4000000	121.8700027	0.0006750	0.0006750	0.0006750	0.0006750	-0.0006750	-0.0006750	-0.0006750	-0.0006750	0.0506248	0.0579304	0.0066578	-0.0074738	-0.0506657	-0.0570194	-0.0069904	0.0067408
310.8500000	-3962.0000000	0.0006750	0.0006750	0.0006750	0.0006750	-0.0006750	-0.0006750	-0.0006750	-0.0006750	0.0495773	0.0559058	0.0192810	0.0054460	-0.0486175	-0.0559387	-0.0195842	-0.0062553
312.7000000	4156.0000000	0.0006750	0.0006750	0.0006750	0.0006750	-0.0006750	-0.0006750	-0.0006750	-0.0006750	0.0447671	0.0517240	-0.0058482	-0.0183372	-0.0454568	-0.0503058	0.0053284	0.0174902
314.2000000	122.0199966	0.0006750	0.0006750	0.0006750	0.0006750	-0.0006750	-0.0006750	-0.0006750	-0.0006750	0.0403502	0.0460534	0.0052773	-0.0060033	-0.0403381	-0.0455864	-0.0057210	0.0052958
315.7500000	-3962.0000000	0.0006750	0.0006750	0.0006750	0.0006750	-0.0006750	-0.0006750	-0.0006750	-0.0006750	0.0393861	0.0445241	0.0153844	0.0043423	-0.0388547	-0.0446868	-0.0157534	-0.0049640
317.5500000	4157.0000000	0.0006750	0.0006750	0.0006750	0.0006750	-0.0006750	-0.0006750	-0.0006750	-0.0006750	0.0358444	0.0411961	-0.0047001	-0.0147238	-0.0362687	-0.0404195	0.0041040	0.0139327
319.0500000	121.8600006	0.0006750	0.0006750	0.0006750	0.0006750	-0.0006750	-0.0006750	-0.0006750	-0.0006750	0.0323898	0.0369254	0.0042132	-0.0048702	-0.0324370	-0.0367416	-0.0047039	0.0042193
320.6000000	-3962.0000000	0.0006750	0.0006750	0.0006750	0.0006750	-0.0006750	-0.0006750	-0.0006750	-0.0006750	0.0315396	0.0357334	0.0123013	0.0034334	-0.0313092	-0.0359520	-0.0127007	-0.0039733
322.4000000	4157.0000000	0.0006750	0.0006750	0.0006750	0.0006750	-0.0006750	-0.0006750	-0.0006750	-0.0006750	0.0288942	0.0330539	-0.0037954	-0.0118595	-0.0291829	-0.0326942	0.0031738	0.0111659
323.9500000	121.8499985	0.0006750	0.0006750	0.0006750	0.0006750	-0.0006750	-0.0006750	-0.0006750	-0.0006750	0.0261652	0.0298099	0.0033664	-0.0039731	-0.0262993	-0.0298233	-0.0038655	0.0033871
325.4500000	-3961.0000000	0.0006750	0.0006750	0.0006750	0.0006750	-0.0006750	-0.0006750	-0.0006750	-0.0006750	0.0254485	0.0288675	0.0098711	0.0027068	-0.0253812	-0.0291100	-0.0102712	-0.0031916
327.2500000	4157.0000000	0.0006750	0.0006750	0.0006750	0.0006750	-0.0006750	-0.0006750	-0.0006750	-0.0006750	0.0234191	0.0267433	-0.0030777	-0.0096204	-0.0237123	-0.0266322	0.0024620	0.0089687
328.8000000	122.0199966	0.0006750	0.0006750	0.0006750	0.0006750	-0.0006750	-0.0006750	-0.0006750	-0.0006750	0.0212662	0.0242203	0.0027063	-0.0032717	-0.0214726	-0.0243737	-0.0032023	0.0027482
330.3000000	-3962.0000000	0.0006750	0.0006750	0.0006750	0.0006750	-0.0006750	-0.0006750	-0.0006750	-0.0006750	0.0206759	0.0234950	0.0079602	0.0021341	-0.0207841	-0.0237956	-0.0083702	-0.0025817
332.1000000	4157.0000000	0.0006750	0.0006750	0.0006750	0.0006750	-0.0006750	-0.0006750	-0.0006750	-0.0006750	0.0191061	0.0217827	-0.0025071	-0.0078502	-0.0194226	-0.0218733	0.0019166	0.0072637
333.6000000	121.8799973	0.0006750	0.0006750	0.0006750	0.0006750	-0.0006750	-0.0006750	-0.0006750	-0.0006750	0.0173995	0.0198075	0.0021686	-0.0027135	-0.0176683	-0.0200565	-0.0026711	0.0022130
335.1000000	-3961.0000000	0.0006750	0.0006750	0.0006750	0.0006750	-0.0006750	-0.0006750	-0.0006750	-0.0006750	0.0169034	0.0192297	0.0064428	0.0016791	-0.0171089	-0.0195532	-0.0068545	-0.0021000
336.9500000	4157.0000000	0.0006750	0.0006750	0.0006750	0.0006750	-0.0006750	-0.0006750	-0.0006750	-0.0006750	0.0156813	0.0178448	-0.0020594	-0.0064373	-0.0160134	-0.0180514	0.0014884	0.0058869
338.4500000	121.8700027	0.0006750	0.0006750	0.0006750	0.0006750	-0.0006750	-0.0006750	-0.0006750	-0.0006750	0.0143162	0.0162947	0.0017463	-0.0022676	-0.0146362	-0.0166105	-0.0022438	0.0017896
339.9500000	-3962.0000000	0.0006750	0.0006750	0.0006750	0.0006750	-0.0006750	-0.0006750	-0.0006750	-0.0006750	0.0138963	0.0158195	0.0052273	0.0013177	-0.0141847	-0.0161886	-0.0056490	-0.0017211
341.7500000	4156.0000000	0.0006750	0.0006750	0.0006750	0.0006750	-0.0006750	-0.0006750	-0.0006750	-0.0006750	0.0129290	0.0146976	-0.0017085	-0.0053114	-0.0132932	-0.0150039	0.0011439	0.0047997
343.3000000	121.9199982	0.0006750	0.0006750	0.0006750	0.0006750	-0.0006750	-0.0006750	-0.0006750	-0.0006750	0.0118405	0.0134770	0.0014154	-0.0019063	-0.0121974	-0.0138411	-0.0018967	0.0014616
344.8000000	-3958.0000000	0.0006750	0.0006750	0.0006750	0.0006750	-0.0006750	-0.0006750	-0.0006750	-0.0006750	0.0114823	0.0130806	0.0042626	0.0010328	-0.0118252	-0.0134909	-0.0046872	-0.0014185
346.6000000	4156.0000000	0.0006750	0.0006750	0.0006750	0.0006750	-0.0006750	-0.0006750	-0.0006750	-0.0006750	0.0107196	0.0121735	-0.0014252	-0.0044006	-0.0110969	-0.0125262	0.0008840	0.0039231
348.1000000	121.7799988	0.0006750	0.0006750	0.0006750	0.0006750	-0.0006750	-0.0006750	-0.0006750	-0.0006750	0.0098301	0.0111844	0.0011357	-0.0016168	-0.0102201	-0.0115959	-0.0016176	0.0011896
349.6000000	-3961.0000000	0.0006750	0.0006750	0.0006750	0.0006750	-0.0006750	-0.0006750	-0.0006750	-0.0006750	0.0095234	0.0108607	0.0034828	0.0008004	-0.0099186	-0.0112996	-0.0039129	-0.0011739
