Mon, Sep 30, 2019
12:58:14 PM

Temperature (K)	B-Field (Gauss)	sample current AB	sample current AD	sample current AC	sample current BD	sample current -AB	sample current -AD	sample current -AC	sample current -BD	Voltage CD	Voltage BC	Voltage BD	Voltage AC	Voltage -CD	Voltage -BC	Voltage -BD	Voltage -AC	
96.0000000	4173.0000000	0.0000010	0.0000010	0.0000010	0.0000010	-0.0000010	-0.0000010	-0.0000010	-0.0000010	-0.0009522	-0.0003917	0.0006190	0.0010709	-0.0009526	-0.0010786	-0.0012601	-0.0006014
97.2800000	122.2500000	0.0000010	0.0000010	0.0000010	0.0000010	-0.0000010	-0.0000010	-0.0000010	-0.0000010	-0.0004192	-0.0004256	-0.0002755	0.0001184	-0.0007975	-0.0008726	-0.0003594	0.0001637
98.6600000	-3982.0000000	0.0000010	0.0000010	0.0000010	0.0000010	-0.0000010	-0.0000010	-0.0000010	-0.0000010	-0.0003180	-0.0003368	-0.0011538	-0.0007890	-0.0008879	-0.0009671	0.0005031	0.0010929
100.2150000	4175.0000000	0.0000010	0.0000010	0.0000010	0.0000010	-0.0000010	-0.0000010	-0.0000010	-0.0000010	-0.0003965	-0.0003605	0.0006229	0.0010579	-0.0009615	-0.0010950	-0.0012752	-0.0006170
101.4550000	121.9300003	0.0000010	0.0000010	0.0000010	0.0000010	-0.0000010	-0.0000010	-0.0000010	-0.0000010	-0.0004018	-0.0004049	-0.0002751	0.0001094	-0.0008077	-0.0008839	-0.0003602	0.0001692
102.7800000	-3982.0000000	0.0000010	0.0000010	0.0000010	0.0000010	-0.0000010	-0.0000010	-0.0000010	-0.0000010	-0.0002961	-0.0003131	-0.0011558	-0.0007950	-0.0008977	-0.0009837	0.0005044	0.0010914
104.3800000	4174.0000000	0.0000010	0.0000010	0.0000010	0.0000010	-0.0000010	-0.0000010	-0.0000010	-0.0000010	-0.0003681	-0.0003290	0.0006296	0.0010435	-0.0009691	-0.0011023	-0.0012831	-0.0006297
105.7600000	122.0899963	0.0000010	0.0000010	0.0000010	0.0000010	-0.0000010	-0.0000010	-0.0000010	-0.0000010	-0.0003819	-0.0003870	-0.0002736	0.0001013	-0.0008190	-0.0009048	-0.0003725	0.0001638
107.0050000	-3982.0000000	0.0000010	0.0000010	0.0000010	0.0000010	-0.0000010	-0.0000010	-0.0000010	-0.0000010	-0.0002732	-0.0002871	-0.0011573	-0.0008111	-0.0009175	-0.0010061	0.0005020	0.0010958
108.5950000	4173.0000000	0.0000010	0.0000010	0.0000010	0.0000010	-0.0000010	-0.0000010	-0.0000010	-0.0000010	-0.0003376	-0.0002977	0.0006350	0.0010346	-0.0009797	-0.0011214	-0.0012911	-0.0006369
109.8950000	121.9300003	0.0000010	0.0000010	0.0000010	0.0000010	-0.0000010	-0.0000010	-0.0000010	-0.0000010	-0.0003620	-0.0003649	-0.0002755	0.0000944	-0.0008316	-0.0009247	-0.0003793	0.0001539
111.2850000	-3981.0000000	0.0000010	0.0000010	0.0000010	0.0000010	-0.0000010	-0.0000010	-0.0000010	-0.0000010	-0.0002506	-0.0002603	-0.0011603	-0.0008330	-0.0009365	-0.0010289	0.0004959	0.0010893
112.9500000	4172.0000000	0.0000010	0.0000010	0.0000010	0.0000010	-0.0000010	-0.0000010	-0.0000010	-0.0000010	-0.0003091	-0.0002632	0.0006369	0.0010128	-0.0009939	-0.0011422	-0.0013042	-0.0006524
114.2550000	122.0400009	0.0000010	0.0000010	0.0000010	0.0000010	-0.0000010	-0.0000010	-0.0000010	-0.0000010	-0.0003372	-0.0003401	-0.0002728	0.0000823	-0.0008434	-0.0009431	-0.0003791	0.0001537
115.6350000	-3979.0000000	0.0000010	0.0000010	0.0000010	0.0000010	-0.0000010	-0.0000010	-0.0000010	-0.0000010	-0.0002198	-0.0002278	-0.0011596	-0.0008473	-0.0009453	-0.0010467	0.0004955	0.0010924
117.3150000	4171.0000000	0.0000010	0.0000010	0.0000010	0.0000010	-0.0000010	-0.0000010	-0.0000010	-0.0000010	-0.0002666	-0.0002259	0.0006465	0.0010017	-0.0010030	-0.0011589	-0.0013106	-0.0006631
118.6100000	122.0500031	0.0000010	0.0000010	0.0000010	0.0000010	-0.0000010	-0.0000010	-0.0000010	-0.0000010	-0.0003160	-0.0003160	-0.0002740	0.0000670	-0.0008580	-0.0009613	-0.0003925	0.0001519
119.8700000	-3978.0000000	0.0000010	0.0000010	0.0000010	0.0000010	-0.0000010	-0.0000010	-0.0000010	-0.0000010	-0.0001877	-0.0001990	-0.0011632	-0.0008615	-0.0009672	-0.0010738	0.0004877	0.0010872
121.4150000	4169.0000000	0.0000010	0.0000010	0.0000010	0.0000010	-0.0000010	-0.0000010	-0.0000010	-0.0000010	-0.0002402	-0.0001948	0.0006446	0.0009848	-0.0010236	-0.0011805	-0.0013253	-0.0006745
122.7100000	122.0999985	0.0000010	0.0000010	0.0000010	0.0000010	-0.0000010	-0.0000010	-0.0000010	-0.0000010	-0.0002865	-0.0002869	-0.0002715	0.0000571	-0.0008713	-0.0009812	-0.0003998	0.0001462
123.9750000	-3978.0000000	0.0000010	0.0000010	0.0000010	0.0000010	-0.0000010	-0.0000010	-0.0000010	-0.0000010	-0.0001638	-0.0001682	-0.0011666	-0.0008788	-0.0009835	-0.0010976	0.0004859	0.0010916
125.5500000	4168.0000000	0.0000010	0.0000010	0.0000010	0.0000010	-0.0000010	-0.0000010	-0.0000010	-0.0000010	-0.0002080	-0.0001580	0.0006520	0.0009756	-0.0010309	-0.0011979	-0.0013326	-0.0006847
126.9650000	122.0800018	0.0000010	0.0000010	0.0000010	0.0000010	-0.0000010	-0.0000010	-0.0000010	-0.0000010	-0.0002575	-0.0002576	-0.0002758	0.0000433	-0.0008866	-0.0010019	-0.0004067	0.0001412
128.2250000	-3976.0000000	0.0000010	0.0000010	0.0000010	0.0000010	-0.0000010	-0.0000010	-0.0000010	-0.0000010	-0.0001332	-0.0001401	-0.0011737	-0.0009021	-0.0010040	-0.0011234	0.0004782	0.0010835
129.7650000	4169.0000000	0.0000010	0.0000010	0.0000010	0.0000010	-0.0000010	-0.0000010	-0.0000010	-0.0000010	0.0000000	-0.0001273	0.0006549	0.0009556	-0.0010479	-0.0012260	-0.0013506	-0.0006938
131.0250000	122.0500031	0.0000010	0.0000010	0.0000010	0.0000010	-0.0000010	-0.0000010	-0.0000010	-0.0000010	-0.0002368	-0.0002321	-0.0002723	0.0000329	-0.0009067	-0.0010249	-0.0004104	0.0001401
132.3000000	-3976.0000000	0.0000010	0.0000010	0.0000010	0.0000010	-0.0000010	-0.0000010	-0.0000010	-0.0000010	-0.0001015	-0.0001010	-0.0011694	-0.0009107	-0.0010220	-0.0011472	0.0004783	0.0010937
133.8700000	4169.0000000	0.0000010	0.0000010	0.0000010	0.0000010	-0.0000010	-0.0000010	-0.0000010	-0.0000010	-0.0001387	-0.0000832	0.0006685	0.0009508	-0.0010589	-0.0012411	-0.0013524	-0.0007008
135.1750000	121.9899979	0.0000010	0.0000010	0.0000010	0.0000010	-0.0000010	-0.0000010	-0.0000010	-0.0000010	-0.0002057	-0.0001944	-0.0002654	0.0000256	-0.0009177	-0.0010427	-0.0004134	0.0001387
136.6050000	-3975.0000000	0.0000010	0.0000010	0.0000010	0.0000010	-0.0000010	-0.0000010	-0.0000010	-0.0000010	-0.0000634	-0.0000583	-0.0011635	-0.0009302	-0.0010356	-0.0011644	0.0004776	0.0010856
138.3100000	4168.0000000	0.0000010	0.0000010	0.0000010	0.0000010	-0.0000010	-0.0000010	-0.0000010	-0.0000010	-0.0001013	-0.0000408	0.0006729	0.0009325	-0.0010783	-0.0012667	-0.0013676	-0.0007228
139.7100000	122.0899963	0.0000010	0.0000010	0.0000010	0.0000010	-0.0000010	-0.0000010	-0.0000010	-0.0000010	-0.0001718	-0.0001621	-0.0002642	0.0000031	-0.0009354	-0.0010694	-0.0004230	0.0001274
141.0200000	-3975.0000000	0.0000010	0.0000010	0.0000010	0.0000010	-0.0000010	-0.0000010	-0.0000010	-0.0000010	-0.0000347	-0.0000210	-0.0011645	-0.0009505	-0.0010589	-0.0011936	0.0004782	0.0010865
142.7700000	4167.0000000	0.0000010	0.0000010	0.0000010	0.0000010	-0.0000010	-0.0000010	-0.0000010	-0.0000010	-0.0000591	0.0000066	0.0006888	0.0009224	-0.0010985	-0.0012904	-0.0013740	-0.0007318
144.1750000	122.0299988	0.0000010	0.0000010	0.0000010	0.0000010	-0.0000010	-0.0000010	-0.0000010	-0.0000010	-0.0001364	-0.0001147	-0.0002545	-0.0000044	-0.0009546	-0.0010909	-0.0004229	0.0001304
145.4700000	-3974.0000000	0.0000010	0.0000010	0.0000010	0.0000010	-0.0000010	-0.0000010	-0.0000010	-0.0000010	0.0000021	0.0000217	-0.0011639	-0.0009679	-0.0010871	-0.0012247	0.0004741	0.0010880
147.1750000	4168.0000000	0.0000010	0.0000010	0.0000010	0.0000010	-0.0000010	-0.0000010	-0.0000010	-0.0000010	-0.0000240	0.0000541	0.0006980	0.0009091	-0.0011206	-0.0013150	-0.0013808	-0.0007366
148.5000000	121.8199997	0.0000010	0.0000010	0.0000010	0.0000010	-0.0000010	-0.0000010	-0.0000010	-0.0000010	-0.0001084	-0.0000822	-0.0002497	-0.0000155	-0.0009831	-0.0011180	-0.0004291	0.0001285
149.8300000	-3974.0000000	0.0000010	0.0000010	0.0000010	0.0000010	-0.0000010	-0.0000010	-0.0000010	-0.0000010	0.0000391	0.0000678	-0.0011578	-0.0009880	-0.0011178	-0.0012547	0.0004821	0.0010985
151.3950000	4167.0000000	0.0000010	0.0000010	0.0000010	0.0000010	-0.0000010	-0.0000010	-0.0000010	-0.0000010	0.0000130	0.0000969	0.0007121	0.0009048	-0.0011461	-0.0013459	-0.0013930	-0.0007388
152.7300000	121.8399963	0.0000010	0.0000010	0.0000010	0.0000010	-0.0000010	-0.0000010	-0.0000010	-0.0000010	-0.0000731	-0.0000442	-0.0002443	-0.0000218	-0.0010047	-0.0011470	-0.0004363	0.0001339
154.0200000	-3973.0000000	0.0000010	0.0000010	0.0000010	0.0000010	-0.0000010	-0.0000010	-0.0000010	-0.0000010	0.0000789	0.0001075	-0.0011630	-0.0009980	-0.0011355	-0.0012891	0.0004736	0.0011015
155.7500000	4167.0000000	0.0000010	0.0000010	0.0000010	0.0000010	-0.0000010	-0.0000010	-0.0000010	-0.0000010	0.0000572	0.0001386	0.0007121	0.0008967	-0.0011617	-0.0013743	-0.0014109	-0.0007525
157.1350000	122.4300003	0.0000010	0.0000010	0.0000010	0.0000010	-0.0000010	-0.0000010	-0.0000010	-0.0000010	-0.0000294	-0.0000019	-0.0002482	-0.0000387	-0.0010180	-0.0011755	-0.0004500	0.0001293
158.4200000	-3973.0000000	0.0000010	0.0000010	0.0000010	0.0000010	-0.0000010	-0.0000010	-0.0000010	-0.0000010	0.0001238	0.0001499	-0.0011686	-0.0010169	-0.0011498	-0.0013181	0.0004621	0.0011075
159.9900000	4166.0000000	0.0000010	0.0000010	0.0000010	0.0000010	-0.0000010	-0.0000010	-0.0000010	-0.0000010	0.0001037	0.0001848	0.0007182	0.0008825	-0.0011755	-0.0014018	-0.0014313	-0.0007575
161.2750000	121.7500000	0.0000010	0.0000010	0.0000010	0.0000010	-0.0000010	-0.0000010	-0.0000010	-0.0000010	0.0000084	0.0000314	-0.0002510	-0.0000524	-0.0010304	-0.0012032	-0.0004626	0.0001278
162.5900000	-3972.0000000	0.0000010	0.0000010	0.0000010	0.0000010	-0.0000010	-0.0000010	-0.0000010	-0.0000010	0.0001600	0.0001836	-0.0011757	-0.0010374	-0.0011704	-0.0013444	0.0004580	0.0011064
164.2550000	4166.0000000	0.0000010	0.0000010	0.0000010	0.0000010	-0.0000010	-0.0000010	-0.0000010	-0.0000010	0.0001455	0.0002337	0.0007302	0.0008708	-0.0011873	-0.0014247	-0.0014394	-0.0007671
165.5900000	122.0699997	0.0000010	0.0000010	0.0000010	0.0000010	-0.0000010	-0.0000010	-0.0000010	-0.0000010	0.0000439	0.0000749	-0.0002419	-0.0000699	-0.0010481	-0.0012215	-0.0004615	0.0001084
166.9800000	-3973.0000000	0.0000010	0.0000010	0.0000010	0.0000010	-0.0000010	-0.0000010	-0.0000010	-0.0000010	0.0001980	0.0002388	-0.0011684	-0.0010665	-0.0011910	-0.0013700	0.0004585	0.0011041
168.6250000	4166.0000000	0.0000010	0.0000010	0.0000010	0.0000010	-0.0000010	-0.0000010	-0.0000010	-0.0000010	0.0001972	0.0002942	0.0007411	0.0008455	-0.0012006	-0.0014349	-0.0014468	-0.0008003
170.0100000	121.9899979	0.0000010	0.0000010	0.0000010	0.0000010	-0.0000010	-0.0000010	-0.0000010	-0.0000010	0.0001015	0.0001446	-0.0002311	-0.0001002	-0.0010506	-0.0012322	-0.0004676	0.0001015
171.3500000	-3972.0000000	0.0000010	0.0000010	0.0000010	0.0000010	-0.0000010	-0.0000010	-0.0000010	-0.0000010	0.0002664	0.0003097	-0.0011664	-0.0011078	-0.0011922	-0.0013802	0.0004610	0.0010924
172.9750000	4166.0000000	0.0000010	0.0000010	0.0000010	0.0000010	-0.0000010	-0.0000010	-0.0000010	-0.0000010	0.0002653	0.0003686	0.0007562	0.0008117	-0.0012034	-0.0014488	-0.0014653	-0.0008270
174.2450000	122.0500031	0.0000010	0.0000010	0.0000010	0.0000010	-0.0000010	-0.0000010	-0.0000010	-0.0000010	0.0001645	0.0002139	-0.0002266	-0.0001424	-0.0010489	-0.0012372	-0.0004735	0.0000662
175.6850000	-3972.0000000	0.0000010	0.0000010	0.0000010	0.0000010	-0.0000010	-0.0000010	-0.0000010	-0.0000010	0.0003289	0.0003759	-0.0011682	-0.0011533	-0.0011958	-0.0013879	0.0004631	0.0010645
177.3950000	4165.0000000	0.0000010	0.0000010	0.0000010	0.0000010	-0.0000010	-0.0000010	-0.0000010	-0.0000010	0.0003277	0.0004335	0.0007695	0.0007918	-0.0012134	-0.0014728	-0.0014767	-0.0008493
178.6400000	122.0000000	0.0000010	0.0000010	0.0000010	0.0000010	-0.0000010	-0.0000010	-0.0000010	-0.0000010	0.0002198	0.0002765	-0.0002167	-0.0001616	-0.0010685	-0.0012628	-0.0004796	0.0000706
179.9850000	-3971.0000000	0.0000010	0.0000010	0.0000010	0.0000010	-0.0000010	-0.0000010	-0.0000010	-0.0000010	0.0003802	0.0004331	-0.0011602	-0.0011690	-0.0012222	-0.0014210	0.0004679	0.0010826
181.6400000	4164.0000000	0.0000010	0.0000010	0.0000010	0.0000010	-0.0000010	-0.0000010	-0.0000010	-0.0000010	0.0003725	0.0004893	0.0007902	0.0007839	-0.0012410	-0.0014971	-0.0014785	-0.0008634
182.8650000	122.0100021	0.0000010	0.0000010	0.0000010	0.0000010	-0.0000010	-0.0000010	-0.0000010	-0.0000010	0.0002647	0.0003249	-0.0002194	-0.0001135	-0.0011354	-0.0013399	-0.0004905	0.0000797
184.1600000	-3971.0000000	0.0000010	0.0000010	0.0000010	0.0000010	-0.0000010	-0.0000010	-0.0000010	-0.0000010	0.0004211	0.0004881	-0.0011569	-0.0011890	-0.0012568	-0.0014643	0.0004716	0.0010943
185.7550000	4165.0000000	0.0000010	0.0000010	0.0000010	0.0000010	-0.0000010	-0.0000010	-0.0000010	-0.0000010	0.0004217	0.0005476	0.0008104	0.0007797	-0.0012711	-0.0015386	-0.0014941	-0.0008568
187.0400000	121.9400024	0.0000010	0.0000010	0.0000010	0.0000010	-0.0000010	-0.0000010	-0.0000010	-0.0000010	0.0003051	0.0003756	-0.0001931	-0.0001808	-0.0011346	-0.0013431	-0.0004886	0.0000737
188.3550000	-3971.0000000	0.0000010	0.0000010	0.0000010	0.0000010	-0.0000010	-0.0000010	-0.0000010	-0.0000010	0.0004682	0.0005454	-0.0011506	-0.0012142	-0.0012853	-0.0014924	0.0004766	0.0010958
190.0250000	4165.0000000	0.0000010	0.0000010	0.0000010	0.0000010	-0.0000010	-0.0000010	-0.0000010	-0.0000010	0.0004675	0.0006041	0.0008296	0.0007649	-0.0013060	-0.0015696	-0.0015029	-0.0008820
191.4900000	121.9800034	0.0000010	0.0000010	0.0000010	0.0000010	-0.0000010	-0.0000010	-0.0000010	-0.0000010	0.0003522	0.0004310	-0.0001833	-0.0001969	-0.0011708	-0.0013775	-0.0004857	0.0000659
192.8350000	-3971.0000000	0.0000010	0.0000010	0.0000010	0.0000010	-0.0000010	-0.0000010	-0.0000010	-0.0000010	0.0005194	0.0006045	-0.0011480	-0.0012398	-0.0013250	-0.0015368	0.0004830	0.0011082
194.3950000	4164.0000000	0.0000010	0.0000010	0.0000010	0.0000010	-0.0000010	-0.0000010	-0.0000010	-0.0000010	0.0005168	0.0006670	0.0008524	0.0007634	-0.0013377	-0.0016119	-0.0015118	-0.0008748
195.6850000	122.0000000	0.0000010	0.0000010	0.0000010	0.0000010	-0.0000010	-0.0000010	-0.0000010	-0.0000010	0.0004032	0.0004953	-0.0001686	-0.0002140	-0.0012003	-0.0014200	-0.0004918	0.0000733
196.9950000	-3971.0000000	0.0000010	0.0000010	0.0000010	0.0000010	-0.0000010	-0.0000010	-0.0000010	-0.0000010	0.0005631	0.0006635	-0.0011445	-0.0012604	-0.0013580	-0.0015731	0.0004918	0.0011024
198.7500000	4164.0000000	0.0000010	0.0000010	0.0000010	0.0000010	-0.0000010	-0.0000010	-0.0000010	-0.0000010	0.0005659	0.0007284	0.0008705	0.0007505	-0.0013708	-0.0016474	-0.0015215	-0.0008984
200.2600000	121.9899979	0.0000010	0.0000010	0.0000010	0.0000010	-0.0000010	-0.0000010	-0.0000010	-0.0000010	0.0004518	0.0005572	-0.0001579	-0.0002334	-0.0012361	-0.0014504	-0.0004881	0.0000590
201.7000000	-3970.0000000	0.0000010	0.0000010	0.0000010	0.0000010	-0.0000010	-0.0000010	-0.0000010	-0.0000010	0.0006221	0.0007320	-0.0011355	-0.0012879	-0.0013925	-0.0016088	0.0004965	0.0011042
203.5000000	4164.0000000	0.0000010	0.0000010	0.0000010	0.0000010	-0.0000010	-0.0000010	-0.0000010	-0.0000010	0.0006291	0.0008036	0.0008945	0.0007407	-0.0014017	-0.0016799	-0.0015313	-0.0009106
205.0000000	122.1600037	0.0000010	0.0000010	0.0000010	0.0000010	-0.0000010	-0.0000010	-0.0000010	-0.0000010	0.0005170	0.0006308	-0.0001396	-0.0002540	-0.0012710	-0.0014908	-0.0004946	0.0000546
206.5000000	-3969.0000000	0.0000010	0.0000010	0.0000010	0.0000010	-0.0000010	-0.0000010	-0.0000010	-0.0000010	0.0006873	0.0008062	-0.0011358	-0.0013213	-0.0014271	-0.0016489	0.0005036	0.0011101
208.2500000	4163.0000000	0.0000010	0.0000010	0.0000010	0.0000010	-0.0000010	-0.0000010	-0.0000010	-0.0000010	0.0006959	0.0008756	0.0009137	0.0007244	-0.0014441	-0.0017312	-0.0015465	-0.0009305
209.7000000	121.9499969	0.0000010	0.0000010	0.0000010	0.0000010	-0.0000010	-0.0000010	-0.0000010	-0.0000010	0.0005756	0.0006995	-0.0001341	-0.0002764	-0.0013105	-0.0015322	-0.0004980	0.0000476
211.2000000	-3969.0000000	0.0000010	0.0000010	0.0000010	0.0000010	-0.0000010	-0.0000010	-0.0000010	-0.0000010	0.0007431	0.0008673	-0.0011354	-0.0013490	-0.0014669	-0.0016921	0.0005064	0.0011072
212.9500000	4163.0000000	0.0000010	0.0000010	0.0000010	0.0000010	-0.0000010	-0.0000010	-0.0000010	-0.0000010	0.0007671	0.0009551	0.0009332	0.0007107	-0.0014803	-0.0017667	-0.0015533	-0.0009509
214.4000000	121.9899979	0.0000010	0.0000010	0.0000010	0.0000010	-0.0000010	-0.0000010	-0.0000010	-0.0000010	0.0006384	0.0007722	-0.0001182	-0.0002977	-0.0013484	-0.0015721	-0.0004979	0.0000356
215.9000000	-3969.0000000	0.0000010	0.0000010	0.0000010	0.0000010	-0.0000010	-0.0000010	-0.0000010	-0.0000010	0.0008082	0.0009390	-0.0011263	-0.0013755	-0.0015074	-0.0017297	0.0005191	0.0011102
217.6500000	4163.0000000	0.0000010	0.0000010	0.0000010	0.0000010	-0.0000010	-0.0000010	-0.0000010	-0.0000010	0.0008220	0.0010263	0.0009528	0.0006930	-0.0015193	-0.0018007	-0.0015536	-0.0009658
219.2000000	122.3499985	0.0000010	0.0000010	0.0000010	0.0000010	-0.0000010	-0.0000010	-0.0000010	-0.0000010	0.0006979	0.0008460	-0.0001014	-0.0003207	-0.0013844	-0.0016057	-0.0004894	0.0000212
220.7000000	-3968.0000000	0.0000010	0.0000010	0.0000010	0.0000010	-0.0000010	-0.0000010	-0.0000010	-0.0000010	0.0008704	0.0010269	-0.0011108	-0.0014130	-0.0015357	-0.0017450	0.0005448	0.0010790
222.5500000	4164.0000000	0.0000010	0.0000010	0.0000010	0.0000010	-0.0000010	-0.0000010	-0.0000010	-0.0000010	0.0009228	0.0011699	0.0010014	0.0005823	-0.0015137	-0.0017594	-0.0015198	-0.0010813
224.0000000	121.9499969	0.0000010	0.0000010	0.0000010	0.0000010	-0.0000010	-0.0000010	-0.0000010	-0.0000010	0.0008071	0.0009946	-0.0000597	-0.0004294	-0.0013843	-0.0015730	-0.0004523	-0.0000796
225.5000000	-3969.0000000	0.0000010	0.0000010	0.0000010	0.0000010	-0.0000010	-0.0000010	-0.0000010	-0.0000010	0.0009747	0.0011645	-0.0010855	-0.0015163	-0.0015472	-0.0017368	0.0005713	0.0009983
227.2500000	4163.0000000	0.0000010	0.0000010	0.0000010	0.0000010	-0.0000010	-0.0000010	-0.0000010	-0.0000010	0.0009878	0.0012405	0.0010058	0.0005747	-0.0015670	-0.0018104	-0.0015212	-0.0010904
228.7500000	121.9700012	0.0000010	0.0000010	0.0000010	0.0000010	-0.0000010	-0.0000010	-0.0000010	-0.0000010	0.0008664	0.0010586	-0.0000575	-0.0004445	-0.0014362	-0.0016281	-0.0004583	-0.0000816
230.2000000	-3968.0000000	0.0000010	0.0000010	0.0000010	0.0000010	-0.0000010	-0.0000010	-0.0000010	-0.0000010	0.0010278	0.0012214	-0.0010825	-0.0015237	-0.0015971	-0.0017831	0.0005680	0.0009844
232.0000000	4163.0000000	0.0000010	0.0000010	0.0000010	0.0000010	-0.0000010	-0.0000010	-0.0000010	-0.0000010	0.0010550	0.0013044	0.0010018	0.0005642	-0.0016147	-0.0018594	-0.0015165	-0.0010928
233.5000000	121.9700012	0.0000010	0.0000010	0.0000010	0.0000010	-0.0000010	-0.0000010	-0.0000010	-0.0000010	0.0009218	0.0011202	-0.0000536	-0.0004509	-0.0014834	-0.0016711	-0.0004532	-0.0000867
235.0000000	-3968.0000000	0.0000010	0.0000010	0.0000010	0.0000010	-0.0000010	-0.0000010	-0.0000010	-0.0000010	0.0010904	0.0012852	-0.0010643	-0.0015070	-0.0016386	-0.0018176	0.0005643	0.0009702
236.8000000	4163.0000000	0.0000010	0.0000010	0.0000010	0.0000010	-0.0000010	-0.0000010	-0.0000010	-0.0000010	0.0011095	0.0013503	0.0009833	0.0005392	-0.0016526	-0.0018840	-0.0014760	-0.0010791
238.3000000	122.0100021	0.0000010	0.0000010	0.0000010	0.0000010	-0.0000010	-0.0000010	-0.0000010	-0.0000010	0.0009804	0.0011824	-0.0000448	-0.0004572	-0.0015213	-0.0017056	-0.0004497	-0.0000881
239.8000000	-3968.0000000	0.0000010	0.0000010	0.0000010	0.0000010	-0.0000010	-0.0000010	-0.0000010	-0.0000010	0.0011382	0.0013243	-0.0010289	-0.0014679	-0.0016726	-0.0018506	0.0005312	0.0009224
241.5500000	4163.0000000	0.0000010	0.0000010	0.0000010	0.0000010	-0.0000010	-0.0000010	-0.0000010	-0.0000010	0.0011558	0.0013878	0.0009274	0.0004926	-0.0016839	-0.0019043	-0.0014219	-0.0010327
243.0500000	122.0999985	0.0000010	0.0000010	0.0000010	0.0000010	-0.0000010	-0.0000010	-0.0000010	-0.0000010	0.0010125	0.0011999	-0.0000589	-0.0004481	-0.0015422	-0.0017258	-0.0004426	-0.0000973
244.6000000	-3967.0000000	0.0000010	0.0000010	0.0000010	0.0000010	-0.0000010	-0.0000010	-0.0000010	-0.0000010	0.0011517	0.0013366	-0.0009655	-0.0013870	-0.0016858	-0.0018559	0.0004571	0.0008295
246.3500000	4162.0000000	0.0000010	0.0000010	0.0000010	0.0000010	-0.0000010	-0.0000010	-0.0000010	-0.0000010	0.0011601	0.0013822	0.0008270	0.0004039	-0.0016836	-0.0018931	-0.0013114	-0.0009445
247.8000000	122.0199966	0.0000010	0.0000010	0.0000010	0.0000010	-0.0000010	-0.0000010	-0.0000010	-0.0000010	0.0010121	0.0011944	-0.0000602	-0.0004461	-0.0015309	-0.0017021	-0.0004302	-0.0001117
249.3000000	-3967.0000000	0.0000010	0.0000010	0.0000010	0.0000010	-0.0000010	-0.0000010	-0.0000010	-0.0000010	0.0011365	0.0013208	-0.0008295	-0.0012431	-0.0016427	-0.0018110	0.0003325	0.0006746
251.1000000	4162.0000000	0.0000010	0.0000010	0.0000010	0.0000010	-0.0000010	-0.0000010	-0.0000010	-0.0000010	0.0011189	0.0013257	0.0006550	0.0002473	-0.0016262	-0.0018126	-0.0011294	-0.0007898
252.5500000	121.9899979	0.0000010	0.0000010	0.0000010	0.0000010	-0.0000010	-0.0000010	-0.0000010	-0.0000010	0.0009546	0.0011330	-0.0000683	-0.0004419	-0.0014608	-0.0016189	-0.0004128	-0.0001218
254.0500000	-3967.0000000	0.0000010	0.0000010	0.0000010	0.0000010	-0.0000010	-0.0000010	-0.0000010	-0.0000010	0.0010486	0.0012269	-0.0006391	-0.0010341	-0.0015455	-0.0017021	0.0001484	0.0004586
256.0500000	4163.0000000	0.0000010	0.0000010	0.0000010	0.0000010	-0.0000010	-0.0000010	-0.0000010	-0.0000010	0.0009940	0.0011797	0.0004171	0.0000337	-0.0014804	-0.0016486	-0.0008813	-0.0005710
257.6500000	122.1500015	0.0000010	0.0000010	0.0000010	0.0000010	-0.0000010	-0.0000010	-0.0000010	-0.0000010	0.0008326	0.0009860	-0.0000857	-0.0004298	-0.0013166	-0.0014569	-0.0003960	-0.0001357
259.2000000	-3967.0000000	0.0000010	0.0000010	0.0000010	0.0000010	-0.0000010	-0.0000010	-0.0000010	-0.0000010	0.0008759	0.0010421	-0.0004100	-0.0007706	-0.0013645	-0.0015055	-0.0000777	0.0001848
261.1500000	4162.0000000	0.0000010	0.0000010	0.0000010	0.0000010	-0.0000010	-0.0000010	-0.0000010	-0.0000010	0.0008072	0.0009546	0.0001572	-0.0001845	-0.0012776	-0.0014173	-0.0006253	-0.0003613
262.7000000	122.1699982	0.0000010	0.0000010	0.0000010	0.0000010	-0.0000010	-0.0000010	-0.0000010	-0.0000010	0.0006426	0.0007797	-0.0001097	-0.0004100	-0.0011321	-0.0012489	-0.0003763	-0.0001541
264.2000000	-3967.0000000	0.0000010	0.0000010	0.0000010	0.0000010	-0.0000010	-0.0000010	-0.0000010	-0.0000010	0.0006612	0.0008030	-0.0002381	-0.0005414	-0.0011465	-0.0012666	-0.0002453	-0.0000208
266.1000000	4161.0000000	0.0000010	0.0000010	0.0000010	0.0000010	-0.0000010	-0.0000010	-0.0000010	-0.0000010	0.0005830	0.0007060	-0.0000400	-0.0003185	-0.0010588	-0.0011728	-0.0004368	-0.0002216
267.6000000	121.9800034	0.0000010	0.0000010	0.0000010	0.0000010	-0.0000010	-0.0000010	-0.0000010	-0.0000010	0.0004565	0.0005668	-0.0001333	-0.0003838	-0.0009383	-0.0010341	-0.0003425	-0.0001704
269.1500000	-3966.0000000	0.0000010	0.0000010	0.0000010	0.0000010	-0.0000010	-0.0000010	-0.0000010	-0.0000010	0.0004511	0.0005666	-0.0001494	-0.0003970	-0.0009462	-0.0010375	-0.0003276	-0.0001597
270.9500000	4162.0000000	0.0000010	0.0000010	0.0000010	0.0000010	-0.0000010	-0.0000010	-0.0000010	-0.0000010	0.0003837	0.0004786	-0.0001557	-0.0003786	-0.0008711	-0.0009588	-0.0003277	-0.0001689
272.4500000	121.9499969	0.0000010	0.0000010	0.0000010	0.0000010	-0.0000010	-0.0000010	-0.0000010	-0.0000010	0.0002879	0.0003751	-0.0001585	-0.0003552	-0.0007791	-0.0008522	-0.0003251	-0.0001943
273.9000000	-3967.0000000	0.0000010	0.0000010	0.0000010	0.0000010	-0.0000010	-0.0000010	-0.0000010	-0.0000010	0.0002787	0.0003675	-0.0001211	-0.0003140	-0.0007798	-0.0008523	-0.0003563	-0.0002290
275.7500000	4163.0000000	0.0000010	0.0000010	0.0000010	0.0000010	-0.0000010	-0.0000010	-0.0000010	-0.0000010	0.0002356	0.0003034	-0.0002163	-0.0003885	-0.0007184	-0.0007846	-0.0002699	-0.0001479
277.2500000	122.0999985	0.0000010	0.0000010	0.0000010	0.0000010	-0.0000010	-0.0000010	-0.0000010	-0.0000010	0.0001569	0.0002204	-0.0001793	-0.0003325	-0.0006558	-0.0007116	-0.0003054	-0.0002080
278.7000000	-3966.0000000	0.0000010	0.0000010	0.0000010	0.0000010	-0.0000010	-0.0000010	-0.0000010	-0.0000010	0.0001456	0.0002123	-0.0001211	-0.0002759	-0.0006553	-0.0007113	-0.0003548	-0.0002600
280.6000000	4164.0000000	0.0000010	0.0000010	0.0000010	0.0000010	-0.0000010	-0.0000010	-0.0000010	-0.0000010	0.0001127	0.0001604	-0.0002497	-0.0003802	-0.0006030	-0.0006591	-0.0002454	-0.0001548
282.1000000	121.9400024	0.0000010	0.0000010	0.0000010	0.0000010	-0.0000010	-0.0000010	-0.0000010	-0.0000010	0.0000521	0.0001016	-0.0001954	-0.0003146	-0.0005600	-0.0006054	-0.0002937	-0.0002192
283.6000000	-3966.0000000	0.0000010	0.0000010	0.0000010	0.0000010	-0.0000010	-0.0000010	-0.0000010	-0.0000010	0.0000448	0.0000977	-0.0001379	-0.0002502	-0.0005575	-0.0005965	-0.0003401	-0.0002697
285.6000000	4162.0000000	0.0000010	0.0000010	0.0000010	0.0000010	-0.0000010	-0.0000010	-0.0000010	-0.0000010	0.0000136	0.0000537	-0.0002631	-0.0003583	-0.0005191	-0.0005619	-0.0002392	-0.0001726
287.0500000	122.0400009	0.0000010	0.0000010	0.0000010	0.0000010	-0.0000010	-0.0000010	-0.0000010	-0.0000010	-0.0000242	0.0000093	-0.0002098	-0.0002970	-0.0004897	-0.0005256	-0.0002793	-0.0002256
288.6000000	-3967.0000000	0.0000010	0.0000010	0.0000010	0.0000010	-0.0000010	-0.0000010	-0.0000010	-0.0000010	-0.0000354	0.0000055	-0.0001583	-0.0002427	-0.0004891	-0.0005177	-0.0003210	-0.0002711
290.6000000	4164.0000000	0.0000010	0.0000010	0.0000010	0.0000010	-0.0000010	-0.0000010	-0.0000010	-0.0000010	-0.0000488	-0.0000229	-0.0002603	-0.0003331	-0.0004539	-0.0004879	-0.0002330	-0.0001792
292.1000000	121.6800003	0.0000010	0.0000010	0.0000010	0.0000010	-0.0000010	-0.0000010	-0.0000010	-0.0000010	-0.0000747	-0.0000533	-0.0002150	-0.0002826	-0.0004317	-0.0004589	-0.0002668	-0.0002257
293.6000000	-3966.0000000	0.0000010	0.0000010	0.0000010	0.0000010	-0.0000010	-0.0000010	-0.0000010	-0.0000010	-0.0000878	-0.0000563	-0.0001684	-0.0002326	-0.0004324	-0.0004551	-0.0003008	-0.0002620
295.3500000	4163.0000000	0.0000010	0.0000010	0.0000010	0.0000010	-0.0000010	-0.0000010	-0.0000010	-0.0000010	-0.0000963	-0.0000812	-0.0002677	-0.0003188	-0.0004058	-0.0004391	-0.0002343	-0.0001959
296.9000000	122.0400009	0.0000010	0.0000010	0.0000010	0.0000010	-0.0000010	-0.0000010	-0.0000010	-0.0000010	-0.0001198	-0.0000986	-0.0002231	-0.0002762	-0.0003953	-0.0004185	-0.0002649	-0.0002281
298.3500000	-3966.0000000	0.0000010	0.0000010	0.0000010	0.0000010	-0.0000010	-0.0000010	-0.0000010	-0.0000010	-0.0001282	-0.0001071	-0.0001864	-0.0002341	-0.0003977	-0.0004153	-0.0002924	-0.0002597
300.1500000	4162.0000000	0.0000010	0.0000010	0.0000010	0.0000010	-0.0000010	-0.0000010	-0.0000010	-0.0000010	-0.0001284	-0.0001201	-0.0002646	-0.0002995	-0.0003745	-0.0004032	-0.0002401	-0.0002006
301.7000000	122.0899963	0.0000010	0.0000010	0.0000010	0.0000010	-0.0000010	-0.0000010	-0.0000010	-0.0000010	-0.0001445	-0.0001344	-0.0002272	-0.0002638	-0.0003653	-0.0003858	-0.0002612	-0.0002317
303.1500000	-3966.0000000	0.0000010	0.0000010	0.0000010	0.0000010	-0.0000010	-0.0000010	-0.0000010	-0.0000010	-0.0001557	-0.0001385	-0.0001927	-0.0002303	-0.0003670	-0.0003843	-0.0002792	-0.0002521
304.9500000	4162.0000000	0.0000010	0.0000010	0.0000010	0.0000010	-0.0000010	-0.0000010	-0.0000010	-0.0000010	-0.0001542	-0.0001528	-0.0002590	-0.0002879	-0.0003496	-0.0003751	-0.0002423	-0.0002101
306.4000000	122.1200027	0.0000010	0.0000010	0.0000010	0.0000010	-0.0000010	-0.0000010	-0.0000010	-0.0000010	-0.0001717	-0.0001696	-0.0002310	-0.0002555	-0.0003435	-0.0003637	-0.0002558	-0.0002373
308.0000000	-3966.0000000	0.0000010	0.0000010	0.0000010	0.0000010	-0.0000010	-0.0000010	-0.0000010	-0.0000010	-0.0001788	-0.0001665	-0.0002014	-0.0002300	-0.0003445	-0.0003619	-0.0002719	-0.0002435
309.7500000	4161.0000000	0.0000010	0.0000010	0.0000010	0.0000010	-0.0000010	-0.0000010	-0.0000010	-0.0000010	-0.0001773	-0.0001801	-0.0002565	-0.0002763	-0.0003281	-0.0003546	-0.0002447	-0.0002139
311.2000000	122.0899963	0.0000010	0.0000010	0.0000010	0.0000010	-0.0000010	-0.0000010	-0.0000010	-0.0000010	-0.0001939	-0.0001937	-0.0002382	-0.0002476	-0.0003321	-0.0003486	-0.0002547	-0.0002310
312.7500000	-3966.0000000	0.0000010	0.0000010	0.0000010	0.0000010	-0.0000010	-0.0000010	-0.0000010	-0.0000010	-0.0001992	-0.0001889	-0.0002086	-0.0002274	-0.0003343	-0.0003462	-0.0002654	-0.0002378
314.5500000	4162.0000000	0.0000010	0.0000010	0.0000010	0.0000010	-0.0000010	-0.0000010	-0.0000010	-0.0000010	-0.0001940	-0.0001995	-0.0002583	-0.0002639	-0.0003176	-0.0003422	-0.0002467	-0.0002094
316.0000000	122.0500031	0.0000010	0.0000010	0.0000010	0.0000010	-0.0000010	-0.0000010	-0.0000010	-0.0000010	-0.0002071	-0.0002052	-0.0002374	-0.0002392	-0.0003157	-0.0003337	-0.0002549	-0.0002183
317.5500000	-3966.0000000	0.0000010	0.0000010	0.0000010	0.0000010	-0.0000010	-0.0000010	-0.0000010	-0.0000010	-0.0002116	-0.0002026	-0.0002116	-0.0002185	-0.0003209	-0.0003313	-0.0002608	-0.0002307
319.3500000	4161.0000000	0.0000010	0.0000010	0.0000010	0.0000010	-0.0000010	-0.0000010	-0.0000010	-0.0000010	-0.0002050	-0.0002136	-0.0002557	-0.0002527	-0.0003046	-0.0003289	-0.0002473	-0.0002112
320.8500000	121.9599991	0.0000010	0.0000010	0.0000010	0.0000010	-0.0000010	-0.0000010	-0.0000010	-0.0000010	-0.0002148	-0.0002163	-0.0002407	-0.0002390	-0.0003087	-0.0003264	-0.0002529	-0.0002255
322.4000000	-3965.0000000	0.0000010	0.0000010	0.0000010	0.0000010	-0.0000010	-0.0000010	-0.0000010	-0.0000010	-0.0002243	-0.0002188	-0.0002219	-0.0002177	-0.0003149	-0.0003224	-0.0002569	-0.0002244
324.2000000	4162.0000000	0.0000010	0.0000010	0.0000010	0.0000010	-0.0000010	-0.0000010	-0.0000010	-0.0000010	-0.0002144	-0.0002238	-0.0002539	-0.0002407	-0.0002931	-0.0003223	-0.0002502	-0.0002083
325.7500000	122.0000000	0.0000010	0.0000010	0.0000010	0.0000010	-0.0000010	-0.0000010	-0.0000010	-0.0000010	-0.0002252	-0.0002271	-0.0002428	-0.0002248	-0.0002988	-0.0003138	-0.0002492	-0.0002164
327.2500000	-3966.0000000	0.0000010	0.0000010	0.0000010	0.0000010	-0.0000010	-0.0000010	-0.0000010	-0.0000010	-0.0002315	-0.0002331	-0.0002260	-0.0002137	-0.0003087	-0.0003187	-0.0002549	-0.0002178
329.0500000	4162.0000000	0.0000010	0.0000010	0.0000010	0.0000010	-0.0000010	-0.0000010	-0.0000010	-0.0000010	-0.0002255	-0.0002404	-0.0002595	-0.0002362	-0.0002935	-0.0003161	-0.0002533	-0.0002086
330.6500000	121.8399963	0.0000010	0.0000010	0.0000010	0.0000010	-0.0000010	-0.0000010	-0.0000010	-0.0000010	-0.0002348	-0.0002401	-0.0002428	-0.0002181	-0.0002966	-0.0003194	-0.0002527	-0.0002076
332.2500000	-3966.0000000	0.0000010	0.0000010	0.0000010	0.0000010	-0.0000010	-0.0000010	-0.0000010	-0.0000010	-0.0002443	-0.0002470	-0.0002289	-0.0002059	-0.0003044	-0.0003166	-0.0002501	-0.0002102
334.0500000	4162.0000000	0.0000010	0.0000010	0.0000010	0.0000010	-0.0000010	-0.0000010	-0.0000010	-0.0000010	-0.0002348	-0.0002505	-0.0002587	-0.0002276	-0.0002858	-0.0003136	-0.0002500	-0.0002020
335.6000000	121.9000015	0.0000010	0.0000010	0.0000010	0.0000010	-0.0000010	-0.0000010	-0.0000010	-0.0000010	-0.0002396	-0.0002487	-0.0002412	-0.0002170	-0.0002926	-0.0003089	-0.0002480	-0.0002049
337.1000000	-3965.0000000	0.0000010	0.0000010	0.0000010	0.0000010	-0.0000010	-0.0000010	-0.0000010	-0.0000010	-0.0002524	-0.0002550	-0.0002296	-0.0002036	-0.0003014	-0.0003082	-0.0002498	-0.0002053
338.8500000	4161.0000000	0.0000010	0.0000010	0.0000010	0.0000010	-0.0000010	-0.0000010	-0.0000010	-0.0000010	-0.0002422	-0.0002610	-0.0002581	-0.0002234	-0.0002849	-0.0003124	-0.0002527	-0.0002053
340.4500000	121.8700027	0.0000010	0.0000010	0.0000010	0.0000010	-0.0000010	-0.0000010	-0.0000010	-0.0000010	-0.0002489	-0.0002568	-0.0002446	-0.0002136	-0.0002902	-0.0003073	-0.0002506	-0.0002093
341.9500000	-3965.0000000	0.0000010	0.0000010	0.0000010	0.0000010	-0.0000010	-0.0000010	-0.0000010	-0.0000010	-0.0002608	-0.0002639	-0.0002333	-0.0002021	-0.0002994	-0.0003097	-0.0002497	-0.0002083
343.7500000	4162.0000000	0.0000010	0.0000010	0.0000010	0.0000010	-0.0000010	-0.0000010	-0.0000010	-0.0000010	-0.0002439	-0.0002624	-0.0002548	-0.0002168	-0.0002794	-0.0003045	-0.0002530	-0.0002001
345.2500000	121.9000015	0.0000010	0.0000010	0.0000010	0.0000010	-0.0000010	-0.0000010	-0.0000010	-0.0000010	-0.0002503	-0.0002618	-0.0002407	-0.0002120	-0.0002820	-0.0003019	-0.0002513	-0.0002059
346.8000000	-3965.0000000	0.0000010	0.0000010	0.0000010	0.0000010	-0.0000010	-0.0000010	-0.0000010	-0.0000010	-0.0002594	-0.0002656	-0.0002349	-0.0001985	-0.0002936	-0.0003077	-0.0002489	-0.0002018
348.6500000	4161.0000000	0.0000010	0.0000010	0.0000010	0.0000010	-0.0000010	-0.0000010	-0.0000010	-0.0000010	-0.0002497	-0.0002699	-0.0002549	-0.0002165	-0.0002813	-0.0003091	-0.0002576	-0.0002015
350.1500000	122.0199966	0.0000010	0.0000010	0.0000010	0.0000010	-0.0000010	-0.0000010	-0.0000010	-0.0000010	-0.0002604	-0.0002743	-0.0002434	-0.0002105	-0.0002864	-0.0003066	-0.0002519	-0.0002034
351.6500000	-3965.0000000	0.0000010	0.0000010	0.0000010	0.0000010	-0.0000010	-0.0000010	-0.0000010	-0.0000010	-0.0002676	-0.0002769	-0.0002393	-0.0001965	-0.0002969	-0.0003078	-0.0002498	-0.0001976
