Tue, Oct 01, 2019
2:54:16 PM

Temperature (K)	B-Field (Gauss)	sample current AB	sample current AD	sample current AC	sample current BD	sample current -AB	sample current -AD	sample current -AC	sample current -BD	Voltage CD	Voltage BC	Voltage BD	Voltage AC	Voltage -CD	Voltage -BC	Voltage -BD	Voltage -AC	
96.0200000	4178.0000000	0.0004501	0.0004501	0.0004501	0.0004501	-0.0004501	-0.0004501	-0.0004501	-0.0004501	0.1065237	0.1382942	0.4191242	0.3771454	-0.1072403	-0.1397715	-0.4206644	-0.3781376
97.3450000	121.9800034	0.0004501	0.0004501	0.0004501	0.0004501	-0.0004501	-0.0004501	-0.0004501	-0.0004501	0.0745501	0.0876635	0.0162709	-0.0100417	-0.0751511	-0.0887973	-0.0171774	0.0092975
98.6150000	-3981.0000000	0.0004501	0.0004501	0.0004501	0.0004501	-0.0004501	-0.0004501	-0.0004501	-0.0004501	0.1143878	0.1255113	-0.3756329	-0.4198158	-0.1151307	-0.1269912	0.3749056	0.4197238
100.2200000	4178.0000000	0.0004501	0.0004501	0.0004501	0.0004501	-0.0004501	-0.0004501	-0.0004501	-0.0004501	0.1147505	0.1482440	0.4225376	0.3773243	-0.1154880	-0.1498051	-0.4240741	-0.3782304
101.4850000	121.9199982	0.0004501	0.0004501	0.0004501	0.0004501	-0.0004501	-0.0004501	-0.0004501	-0.0004501	0.0814106	0.0957283	0.0175281	-0.0111952	-0.0819402	-0.0968123	-0.0184568	0.0105266
102.8250000	-3979.0000000	0.0004501	0.0004501	0.0004501	0.0004501	-0.0004501	-0.0004501	-0.0004501	-0.0004501	0.1229886	0.1356578	-0.3757171	-0.4231472	-0.1237780	-0.1371933	0.3749755	0.4231381
104.4050000	4177.0000000	0.0004501	0.0004501	0.0004501	0.0004501	-0.0004501	-0.0004501	-0.0004501	-0.0004501	0.1234721	0.1587691	0.4258213	0.3773602	-0.1246590	-0.1605854	-0.4279409	-0.3786514
105.7900000	121.9199982	0.0004501	0.0004501	0.0004501	0.0004501	-0.0004501	-0.0004501	-0.0004501	-0.0004501	0.0882861	0.1040096	0.0189214	-0.0125340	-0.0889563	-0.1052553	-0.0198562	0.0119030
107.0500000	-3978.0000000	0.0004501	0.0004501	0.0004501	0.0004501	-0.0004501	-0.0004501	-0.0004501	-0.0004501	0.1320698	0.1463728	-0.3756453	-0.4265439	-0.1329118	-0.1479996	0.3749053	0.4266472
108.7450000	4176.0000000	0.0004501	0.0004501	0.0004501	0.0004501	-0.0004501	-0.0004501	-0.0004501	-0.0004501	0.1329197	0.1701462	0.4293538	0.3773004	-0.1337760	-0.1718864	-0.4310264	-0.3781276
110.1250000	121.7799988	0.0004501	0.0004501	0.0004501	0.0004501	-0.0004501	-0.0004501	-0.0004501	-0.0004501	0.0960568	0.1132383	0.0203932	-0.0139444	-0.0967460	-0.1145332	-0.0213582	0.0133577
111.3750000	-3977.0000000	0.0004501	0.0004501	0.0004501	0.0004501	-0.0004501	-0.0004501	-0.0004501	-0.0004501	0.1418504	0.1579237	-0.3755360	-0.4301362	-0.1427668	-0.1596585	0.3747903	0.4303472
113.0700000	4174.0000000	0.0004501	0.0004501	0.0004501	0.0004501	-0.0004501	-0.0004501	-0.0004501	-0.0004501	0.1428711	0.1821202	0.4329831	0.3771578	-0.1437712	-0.1839419	-0.4347023	-0.3779427
114.4650000	121.9800034	0.0004501	0.0004501	0.0004501	0.0004501	-0.0004501	-0.0004501	-0.0004501	-0.0004501	0.1044702	0.1231826	0.0219835	-0.0154279	-0.1051270	-0.1244948	-0.0229759	0.0148958
115.7050000	-3977.0000000	0.0004501	0.0004501	0.0004501	0.0004501	-0.0004501	-0.0004501	-0.0004501	-0.0004501	0.1521941	0.1701594	-0.3753161	-0.4338782	-0.1531608	-0.1719546	0.3745765	0.4341379
117.3050000	4173.0000000	0.0004501	0.0004501	0.0004501	0.0004501	-0.0004501	-0.0004501	-0.0004501	-0.0004501	0.1531133	0.1944207	0.4366074	0.3768996	-0.1540531	-0.1963084	-0.4383683	-0.3776466
118.5850000	121.8499985	0.0004501	0.0004501	0.0004501	0.0004501	-0.0004501	-0.0004501	-0.0004501	-0.0004501	0.1126293	0.1329670	0.0235611	-0.0169768	-0.1135125	-0.1345302	-0.0245922	0.0164894
119.9700000	-3976.0000000	0.0004501	0.0004501	0.0004501	0.0004501	-0.0004501	-0.0004501	-0.0004501	-0.0004501	0.1627484	0.1826550	-0.3749972	-0.4375745	-0.1637854	-0.1845352	0.3742642	0.4379093
121.5850000	4173.0000000	0.0004501	0.0004501	0.0004501	0.0004501	-0.0004501	-0.0004501	-0.0004501	-0.0004501	0.1638031	0.2072669	0.4403349	0.3765630	-0.1648195	-0.2092656	-0.4421425	-0.3772325
122.9450000	121.7600021	0.0004501	0.0004501	0.0004501	0.0004501	-0.0004501	-0.0004501	-0.0004501	-0.0004501	0.1219874	0.1440780	0.0253067	-0.0186964	-0.1229088	-0.1456906	-0.0263622	0.0182520
124.2150000	-3975.0000000	0.0004501	0.0004501	0.0004501	0.0004501	-0.0004501	-0.0004501	-0.0004501	-0.0004501	0.1737475	0.1956711	-0.3746215	-0.4413557	-0.1748154	-0.1976006	0.3738995	0.4418155
125.7750000	4172.0000000	0.0004501	0.0004501	0.0004501	0.0004501	-0.0004501	-0.0004501	-0.0004501	-0.0004501	0.1748593	0.2205293	0.4441657	0.3761832	-0.1759118	-0.2226004	-0.4460018	-0.3767704
127.0650000	121.7399979	0.0004501	0.0004501	0.0004501	0.0004501	-0.0004501	-0.0004501	-0.0004501	-0.0004501	0.1313605	0.1552234	0.0270919	-0.0204250	-0.1322875	-0.1568647	-0.0281613	0.0200330
128.3150000	-3974.0000000	0.0004501	0.0004501	0.0004501	0.0004423	-0.0004501	-0.0004501	-0.0004501	-0.0004402	0.1848337	0.2088213	-0.3741694	-0.4371013	-0.1859529	-0.2108228	0.3734514	0.4355050
129.8850000	4171.0000000	0.0004501	0.0004501	0.0004501	0.0004327	-0.0004501	-0.0004501	-0.0004501	-0.0004304	0.1860002	0.2339273	0.4479957	0.3608283	-0.1871724	-0.2361695	-0.4498831	-0.3594628
131.2500000	121.8099976	0.0004501	0.0004501	0.0004501	0.0004501	-0.0004501	-0.0004501	-0.0004501	-0.0004501	0.1413186	0.1670826	0.0290007	-0.0222643	-0.1422934	-0.1688097	-0.0301103	0.0219350
132.5500000	-3973.0000000	0.0004501	0.0004501	0.0004501	0.0004180	-0.0004501	-0.0004501	-0.0004501	-0.0004160	0.1966187	0.2228281	-0.3736611	-0.4167889	-0.1978073	-0.2249313	0.3729295	0.4153031
134.0800000	4170.0000000	0.0004501	0.0004501	0.0004501	0.0004091	-0.0004501	-0.0004501	-0.0004488	-0.0004070	0.1979039	0.2482348	0.4520769	0.3406114	-0.1991497	-0.2506036	-0.4522434	-0.3394196
135.3800000	121.8600006	0.0004501	0.0004501	0.0004501	0.0004501	-0.0004501	-0.0004501	-0.0004501	-0.0004501	0.1516958	0.1794563	0.0310066	-0.0242158	-0.1527528	-0.1813044	-0.0321447	0.0239464
136.7600000	-3972.0000000	0.0004401	0.0004501	0.0004366	0.0003954	-0.0004378	-0.0004501	-0.0004344	-0.0003936	0.2038948	0.2373452	-0.3615823	-0.3979194	-0.2041678	-0.2395612	0.3590036	0.3965352
138.4300000	4169.0000000	0.0004302	0.0004443	0.0004268	0.0003866	-0.0004279	-0.0004421	-0.0004245	-0.0003847	0.2010592	0.2598018	0.4323685	0.3213667	-0.2011965	-0.2608908	-0.4319364	-0.3203393
139.6750000	121.9300003	0.0004501	0.0004501	0.0004501	0.0004501	-0.0004501	-0.0004501	-0.0004501	-0.0004501	0.1628392	0.1927620	0.0332039	-0.0263200	-0.1640166	-0.1948144	-0.0343769	0.0261293
140.9800000	-3972.0000000	0.0004169	0.0004305	0.0004137	0.0003744	-0.0004149	-0.0004283	-0.0004116	-0.0003726	0.2048664	0.2411499	-0.3421006	-0.3804131	-0.2051299	-0.2420700	0.3396057	0.3790579
142.6350000	4169.0000000	0.0004076	0.0004209	0.0004045	0.0003661	-0.0004056	-0.0004189	-0.0004023	-0.0003644	0.2021252	0.2605725	0.4137296	0.3038592	-0.2022615	-0.2616630	-0.4133647	-0.3028994
143.8900000	122.1800003	0.0004501	0.0004501	0.0004501	0.0004501	-0.0004501	-0.0004501	-0.0004501	-0.0004501	0.1744613	0.2066510	0.0354929	-0.0285232	-0.1756955	-0.2088011	-0.0366993	0.0283908
145.2100000	-3972.0000000	0.0003952	0.0004081	0.0003922	0.0003547	-0.0003933	-0.0004060	-0.0003902	-0.0003531	0.2057321	0.2427415	-0.3238944	-0.3640854	-0.2059974	-0.2436646	0.3214889	0.3628004
146.9050000	4169.0000000	0.0003863	0.0003989	0.0003834	0.0003468	-0.0003844	-0.0003970	-0.0003814	-0.0003452	0.2030893	0.2612626	0.3961604	0.2873855	-0.2032298	-0.2623475	-0.3958999	-0.2865335
148.2100000	121.8499985	0.0004501	0.0004501	0.0004501	0.0004501	-0.0004501	-0.0004501	-0.0004501	-0.0004493	0.1869403	0.2215614	0.0378807	-0.0309569	-0.1881201	-0.2236656	-0.0391033	0.0307948
149.6300000	-3971.0000000	0.0003740	0.0003861	0.0003712	0.0003355	-0.0003722	-0.0003842	-0.0003693	-0.0003340	0.2065601	0.2442670	-0.3061021	-0.3481272	-0.2068183	-0.2451829	0.3038408	0.3469996
151.1900000	4168.0000000	0.0003665	0.0003783	0.0003637	0.0003288	-0.0003647	-0.0003766	-0.0003618	-0.0003273	0.2039822	0.2618759	0.3797882	0.2720969	-0.2041252	-0.2629545	-0.3795971	-0.2713291
152.4700000	121.9100037	0.0004501	0.0004501	0.0004501	0.0004232	-0.0004501	-0.0004501	-0.0004501	-0.0004210	0.1998207	0.2369059	0.0403606	-0.0313706	-0.2010137	-0.2390768	-0.0416161	0.0311153
153.7700000	-3970.0000000	0.0003558	0.0003673	0.0003532	0.0003191	-0.0003542	-0.0003656	-0.0003514	-0.0003177	0.2072679	0.2455402	-0.2909986	-0.3345468	-0.2075035	-0.2464571	0.2887797	0.3334586
155.4500000	4167.0000000	0.0003483	0.0003596	0.0003458	0.0003124	-0.0003467	-0.0003581	-0.0003440	-0.0003111	0.2047940	0.2624300	0.3648721	0.2582179	-0.2049146	-0.2635024	-0.3648362	-0.2575607
156.7550000	121.8099976	0.0004445	0.0004501	0.0004416	0.0003978	-0.0004423	-0.0004501	-0.0004391	-0.0003958	0.2099663	0.2524642	0.0420324	-0.0317123	-0.2101325	-0.2546898	-0.0430797	0.0314868
158.1750000	-3969.0000000	0.0003380	0.0003489	0.0003355	0.0003030	-0.0003365	-0.0003473	-0.0003340	-0.0003018	0.2079296	0.2467939	-0.2761737	-0.3213053	-0.2081591	-0.2477152	0.2740832	0.3203861
159.7250000	4167.0000000	0.0003318	0.0003424	0.0003293	0.0002973	-0.0003301	-0.0003408	-0.0003275	-0.0002960	0.2054909	0.2629254	0.3512395	0.2454139	-0.2056395	-0.2639983	-0.3511928	-0.2447992
161.0250000	121.8000031	0.0004185	0.0004322	0.0004158	0.0003744	-0.0004164	-0.0004301	-0.0004134	-0.0003726	0.2101939	0.2577173	0.0420209	-0.0320622	-0.2103730	-0.2587062	-0.0430562	0.0318394
162.3100000	-3969.0000000	0.0003224	0.0003328	0.0003201	0.0002889	-0.0003210	-0.0003313	-0.0003185	-0.0002877	0.2084849	0.2478744	-0.2632151	-0.3097561	-0.2087264	-0.2487999	0.2611375	0.3088465
164.0350000	4165.0000000	0.0003158	0.0003260	0.0003136	0.0002830	-0.0003144	-0.0003246	-0.0003120	-0.0002818	0.2061518	0.2633972	0.3383978	0.2334242	-0.2063120	-0.2644508	-0.3384064	-0.2327931
165.4550000	121.8899994	0.0003935	0.0004064	0.0003910	0.0003520	-0.0003916	-0.0004045	-0.0003889	-0.0003504	0.2104314	0.2581233	0.0420344	-0.0323867	-0.2106367	-0.2591089	-0.0430383	0.0321894
166.7100000	-3969.0000000	0.0003067	0.0003166	0.0003045	0.0002747	-0.0003054	-0.0003151	-0.0003031	-0.0002736	0.2090364	0.2489563	-0.2502060	-0.2981690	-0.2092996	-0.2498765	0.2482560	0.2974271
168.2900000	4166.0000000	0.0003010	0.0003106	0.0002989	0.0002696	-0.0002997	-0.0003094	-0.0002974	-0.0002686	0.2067557	0.2638303	0.3263827	0.2221900	-0.2069508	-0.2648744	-0.3264598	-0.2216660
169.5850000	121.8499985	0.0003718	0.0003840	0.0003696	0.0003326	-0.0003701	-0.0003822	-0.0003675	-0.0003311	0.2106519	0.2585006	0.0420242	-0.0326825	-0.2108895	-0.2594871	-0.0430125	0.0325165
170.8650000	-3969.0000000	0.0002928	0.0003021	0.0002907	0.0002621	-0.0002915	-0.0003007	-0.0002892	-0.0002610	0.2095263	0.2499163	-0.2387169	-0.2879263	-0.2098196	-0.2508465	0.2367298	0.2871669
172.4800000	4166.0000000	0.0002872	0.0002963	0.0002851	0.0002571	-0.0002859	-0.0002951	-0.0002837	-0.0002561	0.2073229	0.2642290	0.3151523	0.2117188	-0.2075573	-0.2652794	-0.3152511	-0.2112217
173.7600000	121.8399963	0.0003514	0.0003628	0.0003493	0.0003142	-0.0003497	-0.0003611	-0.0003473	-0.0003128	0.2108868	0.2588880	0.0420151	-0.0329567	-0.2111513	-0.2598733	-0.0429997	0.0328091
175.0550000	-3968.0000000	0.0002794	0.0002883	0.0002775	0.0002501	-0.0002783	-0.0002871	-0.0002761	-0.0002491	0.2099909	0.2508184	-0.2277752	-0.2781881	-0.2102954	-0.2517466	0.2258842	0.2775241
176.6750000	4165.0000000	0.0002741	0.0002828	0.0002722	0.0002453	-0.0002729	-0.0002817	-0.0002708	-0.0002444	0.2078665	0.2646042	0.3045936	0.2018961	-0.2081092	-0.2656466	-0.3047426	-0.2014393
178.0200000	121.8099976	0.0003322	0.0003429	0.0003302	0.0002970	-0.0003307	-0.0003415	-0.0003284	-0.0002957	0.2111520	0.2592865	0.0419877	-0.0332314	-0.2114173	-0.2602706	-0.0429776	0.0331028
179.4200000	-3968.0000000	0.0002663	0.0002748	0.0002645	0.0002383	-0.0002653	-0.0002737	-0.0002633	-0.0002375	0.2104636	0.2517196	-0.2170946	-0.2686656	-0.2107730	-0.2526520	0.2152719	0.2681406
180.9950000	4164.0000000	0.0002618	0.0002701	0.0002600	0.0002343	-0.0002607	-0.0002691	-0.0002587	-0.0002334	0.2083921	0.2649524	0.2946995	0.1927296	-0.2086369	-0.2659969	-0.2948897	-0.1922448
182.4300000	121.9400024	0.0003138	0.0003240	0.0003121	0.0002806	-0.0003125	-0.0003227	-0.0003104	-0.0002795	0.2113984	0.2596691	0.0419557	-0.0334903	-0.2116873	-0.2606695	-0.0429843	0.0333610
183.7100000	-3967.0000000	0.0002545	0.0002626	0.0002529	0.0002277	-0.0002535	-0.0002615	-0.0002516	-0.0002269	0.2108788	0.2525135	-0.2075012	-0.2600946	-0.2111984	-0.2534555	0.2056628	0.2596147
185.2500000	4164.0000000	0.0002501	0.0002580	0.0002484	0.0002237	-0.0002490	-0.0002570	-0.0002472	-0.0002229	0.2088901	0.2652943	0.2852515	0.1839883	-0.2091528	-0.2663437	-0.2855726	-0.1836329
186.5550000	121.8899994	0.0002979	0.0003075	0.0002962	0.0002663	-0.0002966	-0.0003062	-0.0002945	-0.0002652	0.2116504	0.2600353	0.0419200	-0.0337104	-0.2119431	-0.2610275	-0.0429625	0.0336174
187.9850000	-3967.0000000	0.0002432	0.0002510	0.0002417	0.0002176	-0.0002423	-0.0002500	-0.0002405	-0.0002168	0.2112892	0.2532684	-0.1983991	-0.2519385	-0.2116059	-0.2542108	0.1965542	0.2515269
189.5600000	4164.0000000	0.0002391	0.0002466	0.0002376	0.0002139	-0.0002381	-0.0002458	-0.0002363	-0.0002131	0.2093835	0.2655985	0.2763832	0.1758557	-0.2096364	-0.2666482	-0.2767734	-0.1755102
190.7950000	121.9700012	0.0002828	0.0002918	0.0002811	0.0002526	-0.0002813	-0.0002904	-0.0002793	-0.0002514	0.2119057	0.2603848	0.0418791	-0.0339134	-0.2122181	-0.2614046	-0.0429547	0.0338335
192.1200000	-3967.0000000	0.0002331	0.0002404	0.0002316	0.0002084	-0.0002322	-0.0002395	-0.0002304	-0.0002077	0.2116645	0.2539534	-0.1901353	-0.2445183	-0.2119903	-0.2549126	0.1882723	0.2441888
193.7300000	4163.0000000	0.0002291	0.0002363	0.0002277	0.0002049	-0.0002282	-0.0002355	-0.0002265	-0.0002042	0.2098459	0.2658796	0.2682793	0.1684578	-0.2101106	-0.2669362	-0.2687071	-0.1680788
195.1350000	121.8600006	0.0002681	0.0002767	0.0002667	0.0002396	-0.0002671	-0.0002757	-0.0002652	-0.0002388	0.2121909	0.2607448	0.0417693	-0.0341070	-0.2124968	-0.2617700	-0.0429025	0.0340553
196.4300000	-3967.0000000	0.0002231	0.0002302	0.0002218	0.0001995	-0.0002223	-0.0002293	-0.0002206	-0.0001988	0.2120538	0.2546140	-0.1821477	-0.2372723	-0.2123786	-0.2555803	0.1802401	0.2369915
198.2350000	4163.0000000	0.0002190	0.0002259	0.0002177	0.0001958	-0.0002181	-0.0002251	-0.0002164	-0.0001951	0.2103562	0.2661411	0.2599563	0.1609781	-0.2106353	-0.2672317	-0.2604188	-0.1605712
199.7650000	121.8199997	0.0002541	0.0002623	0.0002529	0.0002271	-0.0002532	-0.0002613	-0.0002513	-0.0002262	0.2125203	0.2610871	0.0416035	-0.0342357	-0.2128303	-0.2621250	-0.0427726	0.0342330
201.2000000	-3966.0000000	0.0002128	0.0002196	0.0002117	0.0001903	-0.0002121	-0.0002188	-0.0002104	-0.0001896	0.2124999	0.2552732	-0.1739196	-0.2296552	-0.2128324	-0.2562653	0.1719384	0.2294310
203.1000000	4163.0000000	0.0002089	0.0002154	0.0002077	0.0001867	-0.0002080	-0.0002147	-0.0002064	-0.0001861	0.2109232	0.2663687	0.2514426	0.1534950	-0.2112387	-0.2675180	-0.2519785	-0.1531495
204.6000000	121.8700027	0.0002405	0.0002482	0.0002394	0.0002149	-0.0002396	-0.0002473	-0.0002378	-0.0002141	0.2128974	0.2614041	0.0413359	-0.0342962	-0.2132312	-0.2624881	-0.0425716	0.0343155
206.0500000	-3966.0000000	0.0002031	0.0002095	0.0002021	0.0001815	-0.0002024	-0.0002088	-0.0002008	-0.0001810	0.2129686	0.2558642	-0.1662071	-0.2223042	-0.2133081	-0.2568974	0.1641430	0.2221751
207.8000000	4163.0000000	0.0001996	0.0002059	0.0001985	0.0001784	-0.0001988	-0.0002053	-0.0001973	-0.0001779	0.2115437	0.2665575	0.2434677	0.1467106	-0.2118844	-0.2677876	-0.2440559	-0.1464289
209.3000000	121.8199997	0.0002282	0.0002355	0.0002273	0.0002039	-0.0002273	-0.0002347	-0.0002256	-0.0002031	0.2133150	0.2616758	0.0409344	-0.0342460	-0.2136692	-0.2628307	-0.0422395	0.0343193
210.7500000	-3966.0000000	0.0001942	0.0002005	0.0001933	0.0001736	-0.0001936	-0.0001998	-0.0001920	-0.0001731	0.2134490	0.2563593	-0.1592004	-0.2153363	-0.2138203	-0.2574703	0.1570530	0.2153793
212.5000000	4163.0000000	0.0001910	0.0001970	0.0001901	0.0001707	-0.0001902	-0.0001966	-0.0001887	-0.0001703	0.2122354	0.2666830	0.2356893	0.1403989	-0.2126034	-0.2680441	-0.2363093	-0.1402154
214.0500000	121.7200012	0.0002168	0.0002238	0.0002160	0.0001938	-0.0002160	-0.0002232	-0.0002144	-0.0001932	0.2138074	0.2618829	0.0403165	-0.0339846	-0.2141736	-0.2631459	-0.0417383	0.0341706
215.5000000	-3965.0000000	0.0001860	0.0001920	0.0001853	0.0001663	-0.0001854	-0.0001915	-0.0001839	-0.0001659	0.2139802	0.2567695	-0.1527840	-0.2086437	-0.2143509	-0.2579614	0.1505338	0.2087587
217.4000000	4163.0000000	0.0001828	0.0001886	0.0001821	0.0001634	-0.0001821	-0.0001884	-0.0001807	-0.0001631	0.2130587	0.2667164	0.2277102	0.1344045	-0.2134603	-0.2682867	-0.2284098	-0.1344244
218.9000000	121.8000031	0.0002062	0.0002129	0.0002056	0.0001843	-0.0002055	-0.0002125	-0.0002040	-0.0001839	0.2143968	0.2619963	0.0394510	-0.0337899	-0.2147871	-0.2634214	-0.0409793	0.0337781
220.3500000	-3965.0000000	0.0001782	0.0001841	0.0001778	0.0001594	-0.0001777	-0.0001838	-0.0001763	-0.0001592	0.2145631	0.2570644	-0.1468004	-0.2018559	-0.2149947	-0.2583799	0.1443877	0.2020115
222.1500000	4162.0000000	0.0001755	0.0001812	0.0001750	0.0001569	-0.0001749	-0.0001811	-0.0001735	-0.0001568	0.2139685	0.2665893	0.2198714	0.1290864	-0.2144852	-0.2684866	-0.2205169	-0.1293000
223.6500000	121.7799988	0.0001968	0.0002034	0.0001965	0.0001760	-0.0001961	-0.0002032	-0.0001947	-0.0001758	0.2150539	0.2619602	0.0382448	-0.0330117	-0.2155475	-0.2636199	-0.0398630	0.0331119
225.1000000	-3965.0000000	0.0001712	0.0001771	0.0001710	0.0001532	-0.0001707	-0.0001769	-0.0001694	-0.0001532	0.2152228	0.2572286	-0.1413651	-0.1947833	-0.2157469	-0.2587015	0.1387900	0.1951425
226.8500000	4162.0000000	0.0001687	0.0001744	0.0001684	0.0001509	-0.0001681	-0.0001746	-0.0001668	-0.0001511	0.2151647	0.2663582	0.2112414	0.1238488	-0.2156342	-0.2687019	-0.2120471	-0.1245648
228.3000000	121.6999969	0.0001883	0.0001947	0.0001881	0.0001684	-0.0001875	-0.0001947	-0.0001861	-0.0001684	0.2159256	0.2618692	0.0364850	-0.0323298	-0.2164117	-0.2637940	-0.0383984	0.0319841
229.8000000	-3965.0000000	0.0001648	0.0001706	0.0001649	0.0001476	-0.0001644	-0.0001709	-0.0001632	-0.0001479	0.2160112	0.2573130	-0.1361622	-0.1874475	-0.2165785	-0.2589360	0.1332146	0.1875835
231.6000000	4162.0000000	0.0001626	0.0001683	0.0001626	0.0001457	-0.0001621	-0.0001690	-0.0001608	-0.0001461	0.2165689	0.2659194	0.2016124	0.1186509	-0.2169247	-0.2688806	-0.2027861	-0.1200051
233.1000000	121.7600021	0.0001805	0.0001870	0.0001808	0.0001618	-0.0001801	-0.0001876	-0.0001787	-0.0001622	0.2169071	0.2615703	0.0341356	-0.0311642	-0.2173623	-0.2638635	-0.0365827	0.0304316
234.5500000	-3965.0000000	0.0001593	0.0001653	0.0001597	0.0001429	-0.0001591	-0.0001659	-0.0001578	-0.0001434	0.2168193	0.2573034	-0.1307873	-0.1790582	-0.2175361	-0.2590104	0.1271498	0.1788227
236.3500000	4162.0000000	0.0001575	0.0001634	0.0001579	0.0001414	-0.0001571	-0.0001646	-0.0001559	-0.0001421	0.2180764	0.2651551	0.1904951	0.1130200	-0.2182796	-0.2689065	-0.1921503	-0.1148838
237.8500000	121.8300018	0.0001743	0.0001810	0.0001752	0.0001565	-0.0001741	-0.0001820	-0.0001727	-0.0001572	0.2178822	0.2610877	0.0313533	-0.0296735	-0.2183972	-0.2636666	-0.0345178	0.0285671
239.3000000	-3965.0000000	0.0001550	0.0001614	0.0001560	0.0001395	-0.0001551	-0.0001623	-0.0001538	-0.0001402	0.2175331	0.2572585	-0.1242634	-0.1691543	-0.2185540	-0.2587613	0.1197293	0.1683440
241.1000000	4162.0000000	0.0001540	0.0001600	0.0001550	0.0001386	-0.0001538	-0.0001618	-0.0001526	-0.0001396	0.2194215	0.2639175	0.1772647	0.1059181	-0.2194701	-0.2684775	-0.1794183	-0.1078336
242.6000000	121.8199997	0.0001702	0.0001771	0.0001719	0.0001534	-0.0001703	-0.0001786	-0.0001689	-0.0001543	0.2185497	0.2603408	0.0285388	-0.0281529	-0.2192282	-0.2628903	-0.0323965	0.0266695
244.0500000	-3964.0000000	0.0001528	0.0001596	0.0001547	0.0001380	-0.0001534	-0.0001607	-0.0001519	-0.0001390	0.2178672	0.2572713	-0.1151566	-0.1571786	-0.2194149	-0.2578765	0.1093187	0.1547392
245.8500000	4162.0000000	0.0001530	0.0001591	0.0001549	0.0001382	-0.0001530	-0.0001616	-0.0001518	-0.0001394	0.2200994	0.2619114	0.1612067	0.0958021	-0.2200867	-0.2672597	-0.1633323	-0.0967689
247.3000000	121.6399994	0.0001695	0.0001767	0.0001724	0.0001534	-0.0001702	-0.0001788	-0.0001684	-0.0001550	0.2184168	0.2591145	0.0262682	-0.0269422	-0.2194842	-0.2611939	-0.0304673	0.0228516
248.8000000	-3965.0000000	0.0001539	0.0001614	0.0001573	0.0001399	-0.0001554	-0.0001636	-0.0001535	-0.0001417	0.2173350	0.2571623	-0.1001432	-0.1412369	-0.2196493	-0.2559295	0.0935106	0.1344129
250.5500000	4162.0000000	0.0001562	0.0001621	0.0001594	0.0001418	-0.0001566	-0.0001666	-0.0001551	-0.0001436	0.2192686	0.2585426	0.1408852	0.0805672	-0.2194593	-0.2645221	-0.1420336	-0.0816793
252.0500000	121.7300034	0.0001740	0.0001812	0.0001789	0.0001585	-0.0001756	-0.0001835	-0.0001734	-0.0001598	0.2166051	0.2568089	0.0251413	-0.0264884	-0.2184314	-0.2574522	-0.0289928	0.0236421
253.5500000	-3964.0000000	0.0001604	0.0001685	0.0001663	0.0001470	-0.0001634	-0.0001712	-0.0001609	-0.0001483	0.2150073	0.2561831	-0.0780676	-0.1216083	-0.2182329	-0.2517937	0.0709258	0.1125089
255.4500000	4162.0000000	0.0001663	0.0001715	0.0001713	0.0001517	-0.0001673	-0.0001774	-0.0001651	-0.0001533	0.2155108	0.2527498	0.1148041	0.0582657	-0.2165441	-0.2582819	-0.1138621	-0.0541854
257.0500000	122.0199966	0.0001870	0.0001939	0.0001959	0.0001716	-0.0001901	-0.0001972	-0.0001876	-0.0001727	0.2116604	0.2519870	0.0253022	-0.0276899	-0.2145827	-0.2504966	-0.0276548	0.0248689
258.5500000	-3964.0000000	0.0001757	0.0001843	0.0001863	0.0001627	-0.0001811	-0.0001851	-0.0001778	-0.0001635	0.2093372	0.2521864	-0.0480709	-0.0976790	-0.2135794	-0.2443145	0.0420453	0.0857336
260.4000000	4162.0000000	0.0001859	0.0001898	0.0001963	0.0001705	-0.0001879	-0.0001974	-0.0001863	-0.0001724	0.2073195	0.2434460	0.0862822	0.0308400	-0.2102238	-0.2480569	-0.0830234	-0.0251439
261.9000000	121.8600006	0.0002098	0.0002160	0.0002250	0.0001944	-0.0002157	-0.0002226	-0.0002127	-0.0001965	0.2028124	0.2431841	0.0259131	-0.0295362	-0.2071414	-0.2396111	-0.0257484	0.0240320
263.4500000	-3965.0000000	0.0002014	0.0002099	0.0002187	0.0001879	-0.0002098	-0.0002126	-0.0002054	-0.0001896	0.1997190	0.2429194	-0.0167041	-0.0735525	-0.2046355	-0.2331116	0.0136613	0.0562789
265.2500000	4161.0000000	0.0002164	0.0002185	0.0002339	0.0001993	-0.0002201	-0.0002308	-0.0002183	-0.0002029	0.1945776	0.2302150	0.0578750	0.0041397	-0.2003636	-0.2332883	-0.0521068	-0.0012837
266.7500000	121.7600021	0.0002458	0.0002510	0.0002694	0.0002283	-0.0002538	-0.0002613	-0.0002499	-0.0002320	0.1895726	0.2291204	0.0262669	-0.0300814	-0.1959068	-0.2246452	-0.0230875	0.0224332
268.2500000	-3964.0000000	0.0002386	0.0002463	0.0002654	0.0002237	-0.0002505	-0.0002535	-0.0002451	-0.0002275	0.1865703	0.2277235	0.0102916	-0.0515497	-0.1917084	-0.2181734	-0.0090005	0.0268822
270.0500000	4161.0000000	0.0002584	0.0002579	0.0002865	0.0002387	-0.0002646	-0.0002772	-0.0002627	-0.0002448	0.1788027	0.2134859	0.0339651	-0.0173214	-0.1875438	-0.2146222	-0.0267723	0.0193790
271.6000000	121.7200012	0.0002932	0.0002951	0.0003292	0.0002727	-0.0003044	-0.0003132	-0.0002998	-0.0002793	0.1741367	0.2111620	0.0261139	-0.0308740	-0.1818317	-0.2066923	-0.0201402	0.0206822
273.1000000	-3964.0000000	0.0002880	0.0002933	0.0003279	0.0002704	-0.0003034	-0.0003067	-0.0002970	-0.0002767	0.1715758	0.2083972	0.0301878	-0.0339409	-0.1764401	-0.2011367	-0.0245857	0.0129405
274.8500000	4162.0000000	0.0003122	0.0003099	0.0003553	0.0002896	-0.0003217	-0.0003360	-0.0003196	-0.0002986	0.1622484	0.1950246	0.0161926	-0.0310763	-0.1732322	-0.1946655	-0.0086071	0.0312355
276.3000000	121.7300034	0.0003512	0.0003519	0.0004047	0.0003290	-0.0003681	-0.0003800	-0.0003636	-0.0003411	0.1589181	0.1919937	0.0255373	-0.0292610	-0.1666834	-0.1872782	-0.0169733	0.0179360
277.8500000	-3963.0000000	0.0003499	0.0003525	0.0004064	0.0003287	-0.0003687	-0.0003730	-0.0003619	-0.0003397	0.1570000	0.1884076	0.0428533	-0.0201301	-0.1609701	-0.1838137	-0.0338115	0.0013195
279.6000000	4161.0000000	0.0003784	0.0003714	0.0004404	0.0003514	-0.0003914	-0.0004072	-0.0003894	-0.0003657	0.1471720	0.1770937	0.0043369	-0.0392566	-0.1590833	-0.1758776	0.0030088	0.0378253
281.1000000	121.5899963	0.0004276	0.0004238	0.0004501	0.0003982	-0.0004443	-0.0004501	-0.0004391	-0.0004146	0.1447338	0.1733793	0.0220138	-0.0267201	-0.1524947	-0.1676064	-0.0156886	0.0181405
282.6500000	-3964.0000000	0.0004276	0.0004251	0.0004501	0.0004004	-0.0004476	-0.0004501	-0.0004403	-0.0004177	0.1441036	0.1699786	0.0448889	-0.0103643	-0.1468388	-0.1665708	-0.0386802	-0.0049220
284.4500000	4162.0000000	0.0004501	0.0004493	0.0004501	0.0004286	-0.0004501	-0.0004501	-0.0004501	-0.0004480	0.1305013	0.1606272	-0.0039170	-0.0425689	-0.1370150	-0.1450170	0.0089517	0.0425040
285.9500000	121.7099991	0.0004501	0.0004501	0.0004501	0.0004501	-0.0004501	-0.0004501	-0.0004501	-0.0004501	0.1139666	0.1367375	0.0164841	-0.0213823	-0.1154495	-0.1266070	-0.0128186	0.0157355
287.4000000	-3964.0000000	0.0004501	0.0004501	0.0004501	0.0004501	-0.0004501	-0.0004501	-0.0004501	-0.0004501	0.1129554	0.1321716	0.0382832	-0.0013985	-0.1102174	-0.1254780	-0.0352041	-0.0074713
289.2000000	4161.0000000	0.0004501	0.0004501	0.0004501	0.0004501	-0.0004501	-0.0004501	-0.0004501	-0.0004501	0.0983531	0.1191081	-0.0070525	-0.0367002	-0.1029238	-0.1095327	0.0096728	0.0356293
290.7000000	121.6699982	0.0004501	0.0004501	0.0004501	0.0004501	-0.0004501	-0.0004501	-0.0004501	-0.0004501	0.0867422	0.1023171	0.0121839	-0.0145299	-0.0878520	-0.0973015	-0.0105070	0.0125661
292.2000000	-3964.0000000	0.0004501	0.0004501	0.0004501	0.0004501	-0.0004501	-0.0004501	-0.0004501	-0.0004501	0.0856771	0.0986722	0.0310719	0.0040460	-0.0839645	-0.0962398	-0.0298312	-0.0073789
294.0000000	4161.0000000	0.0004501	0.0004501	0.0004501	0.0004501	-0.0004501	-0.0004501	-0.0004501	-0.0004501	0.0755328	0.0898014	-0.0074858	-0.0292568	-0.0784095	-0.0845311	0.0085402	0.0289729
295.5000000	121.8399963	0.0004501	0.0004501	0.0004501	0.0004501	-0.0004501	-0.0004501	-0.0004501	-0.0004501	0.0671694	0.0778625	0.0091929	-0.0102362	-0.0676119	-0.0753089	-0.0085391	0.0093655
297.0000000	-3963.0000000	0.0004501	0.0004501	0.0004501	0.0004501	-0.0004501	-0.0004501	-0.0004501	-0.0004501	0.0661675	0.0751646	0.0249011	0.0056640	-0.0648333	-0.0744348	-0.0244701	-0.0069482
298.8000000	4161.0000000	0.0004501	0.0004501	0.0004501	0.0004501	-0.0004501	-0.0004501	-0.0004501	-0.0004501	0.0588824	0.0689427	-0.0067187	-0.0233629	-0.0605144	-0.0659644	0.0070157	0.0228571
300.2000000	121.6999969	0.0004501	0.0004501	0.0004501	0.0004501	-0.0004501	-0.0004501	-0.0004501	-0.0004501	0.0528738	0.0606096	0.0071121	-0.0077817	-0.0526707	-0.0589482	-0.0069533	0.0070787
301.8000000	-3963.0000000	0.0004501	0.0004501	0.0004501	0.0004501	-0.0004501	-0.0004501	-0.0004501	-0.0004501	0.0515543	0.0583000	0.0198585	0.0052455	-0.0506322	-0.0581275	-0.0197860	-0.0059947
303.5500000	4161.0000000	0.0004501	0.0004501	0.0004501	0.0004501	-0.0004501	-0.0004501	-0.0004501	-0.0004501	0.0463489	0.0537628	-0.0056722	-0.0187327	-0.0471753	-0.0519733	0.0055267	0.0180691
305.1000000	121.6699982	0.0004501	0.0004501	0.0004501	0.0004501	-0.0004501	-0.0004501	-0.0004501	-0.0004501	0.0414072	0.0473909	0.0055545	-0.0061670	-0.0414592	-0.0467048	-0.0057123	0.0055250
306.6000000	-3963.0000000	0.0004501	0.0004501	0.0004501	0.0004501	-0.0004501	-0.0004501	-0.0004501	-0.0004501	0.0405212	0.0458630	0.0158222	0.0043417	-0.0399507	-0.0458695	-0.0159567	-0.0049500
308.3500000	4161.0000000	0.0004501	0.0004501	0.0004501	0.0004501	-0.0004501	-0.0004501	-0.0004501	-0.0004501	0.0366978	0.0423017	-0.0046623	-0.0150330	-0.0371717	-0.0413013	0.0042905	0.0143205
309.9000000	121.5599976	0.0004501	0.0004501	0.0004501	0.0004501	-0.0004501	-0.0004501	-0.0004501	-0.0004501	0.0328709	0.0375567	0.0043763	-0.0049483	-0.0329288	-0.0372234	-0.0046888	0.0043522
311.4000000	-3960.0000000	0.0004501	0.0004501	0.0004501	0.0004501	-0.0004501	-0.0004501	-0.0004501	-0.0004501	0.0320891	0.0363966	0.0126154	0.0034961	-0.0317949	-0.0364943	-0.0128591	-0.0040115
313.1500000	4161.0000000	0.0004501	0.0004501	0.0004501	0.0004501	-0.0004501	-0.0004501	-0.0004501	-0.0004501	0.0292145	0.0335343	-0.0037965	-0.0120662	-0.0295407	-0.0330282	0.0033241	0.0113991
314.6500000	121.7699966	0.0004501	0.0004501	0.0004501	0.0004501	-0.0004501	-0.0004501	-0.0004501	-0.0004501	0.0263012	0.0300180	0.0034584	-0.0040007	-0.0263965	-0.0299095	-0.0038424	0.0034456
316.2000000	-3962.0000000	0.0004501	0.0004501	0.0004501	0.0004501	-0.0004501	-0.0004501	-0.0004501	-0.0004501	0.0255974	0.0290737	0.0100646	0.0027830	-0.0254867	-0.0292329	-0.0103664	-0.0032385
317.9500000	4161.0000000	0.0004501	0.0004501	0.0004501	0.0004501	-0.0004501	-0.0004501	-0.0004501	-0.0004501	0.0234565	0.0268199	-0.0030955	-0.0097204	-0.0237116	-0.0266117	0.0025793	0.0090992
319.4500000	121.6699982	0.0004501	0.0004501	0.0004501	0.0004501	-0.0004501	-0.0004501	-0.0004501	-0.0004501	0.0211449	0.0241195	0.0027400	-0.0032654	-0.0213756	-0.0242760	-0.0031712	0.0027555
321.0000000	-3963.0000000	0.0004501	0.0004501	0.0004501	0.0004501	-0.0004501	-0.0004501	-0.0004501	-0.0004501	0.0205433	0.0233671	0.0080448	0.0021969	-0.0205928	-0.0235838	-0.0083748	-0.0026161
322.8500000	4161.0000000	0.0004501	0.0004501	0.0004501	0.0004501	-0.0004501	-0.0004501	-0.0004501	-0.0004501	0.0189015	0.0215828	-0.0025197	-0.0078542	-0.0191714	-0.0215651	0.0020073	0.0072768
324.4000000	121.6900024	0.0004501	0.0004501	0.0004501	0.0004501	-0.0004501	-0.0004501	-0.0004501	-0.0004501	0.0170611	0.0194506	0.0021710	-0.0026633	-0.0172871	-0.0196173	-0.0025960	0.0021822
325.9000000	-3963.0000000	0.0004501	0.0004501	0.0004501	0.0004501	-0.0004501	-0.0004501	-0.0004501	-0.0004501	0.0165685	0.0188653	0.0064299	0.0017258	-0.0167274	-0.0191255	-0.0067881	-0.0021252
327.7000000	4161.0000000	0.0004501	0.0004501	0.0004501	0.0004501	-0.0004501	-0.0004501	-0.0004501	-0.0004501	0.0152739	0.0174071	-0.0020615	-0.0063630	-0.0155753	-0.0175566	0.0015432	0.0058435
329.2500000	121.7200012	0.0004501	0.0004501	0.0004501	0.0004501	-0.0004501	-0.0004501	-0.0004501	-0.0004501	0.0138509	0.0157834	0.0017257	-0.0021942	-0.0141309	-0.0160356	-0.0021586	0.0017482
330.7500000	-3963.0000000	0.0004501	0.0004501	0.0004501	0.0004501	-0.0004501	-0.0004501	-0.0004501	-0.0004501	0.0134428	0.0153163	0.0051606	0.0013528	-0.0136815	-0.0156281	-0.0055282	-0.0017194
332.5500000	4161.0000000	0.0004501	0.0004501	0.0004501	0.0004501	-0.0004501	-0.0004501	-0.0004501	-0.0004501	0.0124499	0.0141686	-0.0016935	-0.0051925	-0.0127658	-0.0144002	0.0011913	0.0047093
334.1000000	121.6800003	0.0004501	0.0004501	0.0004501	0.0004501	-0.0004501	-0.0004501	-0.0004501	-0.0004501	0.0113173	0.0128920	0.0013684	-0.0018286	-0.0116383	-0.0132038	-0.0018044	0.0014047
335.6000000	-3962.0000000	0.0004501	0.0004501	0.0004501	0.0004501	-0.0004501	-0.0004501	-0.0004501	-0.0004501	0.0109733	0.0125096	0.0041594	0.0010477	-0.0112750	-0.0128610	-0.0045413	-0.0014173
337.4500000	4160.0000000	0.0004501	0.0004501	0.0004501	0.0004501	-0.0004501	-0.0004501	-0.0004501	-0.0004501	0.0101939	0.0115887	-0.0014048	-0.0042649	-0.0105391	-0.0118959	0.0009068	0.0038010
338.9500000	121.8399963	0.0004501	0.0004501	0.0004501	0.0004501	-0.0004501	-0.0004501	-0.0004501	-0.0004501	0.0092983	0.0105935	0.0010917	-0.0015291	-0.0096417	-0.0109404	-0.0015252	0.0011245
340.4500000	-3962.0000000	0.0004501	0.0004501	0.0004501	0.0004501	-0.0004501	-0.0004501	-0.0004501	-0.0004501	0.0089995	0.0102690	0.0033589	0.0008105	-0.0093588	-0.0106630	-0.0037557	-0.0011709
342.2500000	4160.0000000	0.0004501	0.0004501	0.0004501	0.0004501	-0.0004501	-0.0004501	-0.0004501	-0.0004501	0.0083906	0.0095327	-0.0011775	-0.0035334	-0.0087690	-0.0099033	0.0006848	0.0030879
343.8000000	121.8199997	0.0004501	0.0004501	0.0004501	0.0004501	-0.0004501	-0.0004501	-0.0004501	-0.0004501	0.0076674	0.0087326	0.0008615	-0.0012995	-0.0080544	-0.0091292	-0.0013061	0.0009041
345.3500000	-3962.0000000	0.0004501	0.0004501	0.0004501	0.0004501	-0.0004501	-0.0004501	-0.0004501	-0.0004501	0.0074308	0.0084835	0.0027249	0.0006209	-0.0078201	-0.0089028	-0.0031262	-0.0009724
347.1000000	4160.0000000	0.0004501	0.0004501	0.0004501	0.0004501	-0.0004501	-0.0004501	-0.0004501	-0.0004501	0.0069388	0.0078792	-0.0009920	-0.0029413	-0.0073267	-0.0082802	0.0005076	0.0025142
348.6500000	121.8300018	0.0004501	0.0004501	0.0004501	0.0004501	-0.0004501	-0.0004501	-0.0004501	-0.0004501	0.0063556	0.0072389	0.0006810	-0.0011145	-0.0067612	-0.0076682	-0.0011277	0.0007220
350.1500000	-3962.0000000	0.0004501	0.0004501	0.0004501	0.0004501	-0.0004501	-0.0004501	-0.0004501	-0.0004501	0.0061494	0.0070273	0.0022168	0.0004696	-0.0065636	-0.0074713	-0.0026216	-0.0008182
